# Radius 	finiterdf__LJ_LJ	rdf__LJ_LJ	
0.00454581 0	0	
0.0136374 0	0	
0.0227291 0	0	
0.0318207 0	0	
0.0409123 0	0	
0.0500039 0	0	
0.0590955 0	0	
0.0681872 0	0	
0.0772788 0	0	
0.0863704 0	0	
0.095462 0	0	
0.104554 0	0	
0.113645 0	0	
0.122737 0	0	
0.131829 0	0	
0.14092 0	0	
0.150012 0	0	
0.159103 0	0	
0.168195 0	0	
0.177287 0	0	
0.186378 0	0	
0.19547 0	0	
0.204562 0	0	
0.213653 0	0	
0.222745 0	0	
0.231836 0	0	
0.240928 0	0	
0.25002 0	0	
0.259111 0	0	
0.268203 0	0	
0.277294 0	0	
0.286386 0	0	
0.295478 0	0	
0.304569 0	0	
0.313661 0	0	
0.322753 0	0	
0.331844 0	0	
0.340936 0	0	
0.350027 0	0	
0.359119 0	0	
0.368211 0	0	
0.377302 0	0	
0.386394 0	0	
0.395486 0	0	
0.404577 0	0	
0.413669 0	0	
0.42276 0	0	
0.431852 0	0	
0.440944 0	0	
0.450035 0	0	
0.459127 0	0	
0.468219 0	0	
0.47731 0	0	
0.486402 0	0	
0.495493 0	0	
0.504585 0	0	
0.513677 0	0	
0.522768 0	0	
0.53186 0	0	
0.540952 0	0	
0.550043 0	0	
0.559135 0	0	
0.568226 0	0	
0.577318 0	0	
0.58641 0	0	
0.595501 0	0	
0.604593 0	0	
0.613685 0	0	
0.622776 0	0	
0.631868 0	0	
0.640959 0	0	
0.650051 0	0	
0.659143 0	0	
0.668234 0	0	
0.677326 0	0	
0.686418 0	0	
0.695509 0	0	
0.704601 0	0	
0.713692 0	0	
0.722784 0	0	
0.731876 0	0	
0.740967 0	0	
0.750059 0	0	
0.75915 0	0	
0.768242 0	0	
0.777334 0	0	
0.786425 0	0	
0.795517 0	0	
0.804609 0	0	
0.8137 0	0	
0.822792 0	0	
0.831883 0	0	
0.840975 0	0	
0.850067 0	0	
0.859158 0	0	
0.86825 0	0	
0.877342 0	0	
0.886433 0	0	
0.895525 0	0	
0.904616 0	0	
0.913708 0	0	
0.9228 0	0	
0.931891 0	0	
0.940983 0	0	
0.950075 0	0	
0.959166 0	0	
0.968258 0	0	
0.977349 0	0	
0.986441 0	0	
0.995533 0	0	
1.00462 0	0	
1.01372 0	0	
1.02281 0	0	
1.0319 0	0	
1.04099 0	0	
1.05008 0	0	
1.05917 0	0	
1.06827 0	0	
1.07736 0	0	
1.08645 0	0	
1.09554 0	0	
1.10463 0	0	
1.11372 0	0	
1.12282 0	0	
1.13191 0	0	
1.141 0	0	
1.15009 0	0	
1.15918 0	0	
1.16827 0	0	
1.17737 0	0	
1.18646 0	0	
1.19555 0	0	
1.20464 0	0	
1.21373 0	0	
1.22282 0	0	
1.23191 0	0	
1.24101 0	0	
1.2501 0	0	
1.25919 0	0	
1.26828 0	0	
1.27737 0	0	
1.28646 0	0	
1.29556 0	0	
1.30465 0	0	
1.31374 0	0	
1.32283 0	0	
1.33192 0	0	
1.34101 0	0	
1.35011 0	0	
1.3592 0	0	
1.36829 0	0	
1.37738 0	0	
1.38647 0	0	
1.39556 0	0	
1.40466 0	0	
1.41375 0	0	
1.42284 0	0	
1.43193 0	0	
1.44102 0	0	
1.45011 0	0	
1.45921 0	0	
1.4683 0	0	
1.47739 0	0	
1.48648 0	0	
1.49557 0	0	
1.50466 0	0	
1.51376 0	0	
1.52285 0	0	
1.53194 0	0	
1.54103 0	0	
1.55012 0	0	
1.55921 0	0	
1.5683 0	0	
1.5774 0	0	
1.58649 0	0	
1.59558 0	0	
1.60467 0	0	
1.61376 0	0	
1.62285 0	0	
1.63195 0	0	
1.64104 0	0	
1.65013 0	0	
1.65922 0	0	
1.66831 0	0	
1.6774 0	0	
1.6865 0	0	
1.69559 0	0	
1.70468 0	0	
1.71377 0	0	
1.72286 0	0	
1.73195 0	0	
1.74105 0	0	
1.75014 0	0	
1.75923 0	0	
1.76832 0	0	
1.77741 0	0	
1.7865 0	0	
1.7956 0	0	
1.80469 0	0	
1.81378 0	0	
1.82287 0	0	
1.83196 0	0	
1.84105 0	0	
1.85015 0	0	
1.85924 0	0	
1.86833 0	0	
1.87742 0	0	
1.88651 0	0	
1.8956 0	0	
1.90469 0	0	
1.91379 0	0	
1.92288 0	0	
1.93197 0	0	
1.94106 0	0	
1.95015 0	0	
1.95924 0	0	
1.96834 0	0	
1.97743 0	0	
1.98652 0	0	
1.99561 0	0	
2.0047 0	0	
2.01379 0	0	
2.02289 0	0	
2.03198 0	0	
2.04107 0	0	
2.05016 0	0	
2.05925 0	0	
2.06834 0	0	
2.07744 0	0	
2.08653 0	0	
2.09562 0	0	
2.10471 0	0	
2.1138 0	0	
2.12289 0	0	
2.13199 0	0	
2.14108 0	0	
2.15017 0	0	
2.15926 0	0	
2.16835 0	0	
2.17744 0	0	
2.18654 0	0	
2.19563 0	0	
2.20472 0	0	
2.21381 0	0	
2.2229 0	0	
2.23199 0	0	
2.24108 0	0	
2.25018 0	0	
2.25927 0	0	
2.26836 0	0	
2.27745 0	0	
2.28654 0	0	
2.29563 0	0	
2.30473 0	0	
2.31382 0	0	
2.32291 0	0	
2.332 0	0	
2.34109 0	0	
2.35018 0	0	
2.35928 0	0	
2.36837 0	0	
2.37746 0	0	
2.38655 0	0	
2.39564 0	0	
2.40473 0	0	
2.41383 0	0	
2.42292 0	0	
2.43201 0	0	
2.4411 0	0	
2.45019 0	0	
2.45928 0	0	
2.46838 0	0	
2.47747 0	0	
2.48656 0	0	
2.49565 0	0	
2.50474 0	0	
2.51383 0	0	
2.52293 0	0	
2.53202 0	0	
2.54111 0	0	
2.5502 0	0	
2.55929 0.00017319	0.000172809	
2.56838 0	0	
2.57748 0.000683022	0.000681456	
2.58657 0.000508671	0.000507483	
2.59566 0.000673486	0.000671881	
2.60475 0.000835991	0.000833961	
2.61384 0.00116226	0.00115938	
2.62293 0.00395731	0.00394734	
2.63202 0.00507628	0.00506325	
2.64112 0.00487876	0.00486601	
2.65021 0.0083986	0.00837626	
2.6593 0.010587	0.0105583	
2.66839 0.0141793	0.0141402	
2.67748 0.019305	0.0192509	
2.68657 0.0268758	0.0267993	
2.69567 0.0362176	0.0361127	
2.70476 0.0451232	0.0449904	
2.71385 0.0571434	0.0569725	
2.72294 0.0705323	0.0703181	
2.73203 0.0896693	0.0893929	
2.74112 0.104626	0.104299	
2.75022 0.128982	0.128573	
2.75931 0.146608	0.146137	
2.7684 0.190643	0.190023	
2.77749 0.211749	0.21105	
2.78658 0.2466	0.245776	
2.79567 0.28825	0.287277	
2.80477 0.334692	0.333551	
2.81386 0.374941	0.37365	
2.82295 0.430324	0.428829	
2.83204 0.491213	0.489492	
2.84113 0.54499	0.543068	
2.85022 0.600725	0.598594	
2.85932 0.664067	0.661698	
2.86841 0.728663	0.726053	
2.8775 0.80942	0.806511	
2.88659 0.860556	0.857457	
2.89568 0.935252	0.93188	
2.90477 0.991519	0.987944	
2.91387 1.06724	1.0634	
2.92296 1.12063	1.1166	
2.93205 1.20698	1.20265	
2.94114 1.29579	1.29116	
2.95023 1.35389	1.34909	
2.95932 1.41683	1.41184	
2.96841 1.46609	1.46097	
2.97751 1.54442	1.53907	
2.9866 1.61223	1.6067	
2.99569 1.67514	1.66947	
3.00478 1.74995	1.74411	
3.01387 1.78974	1.78385	
3.02296 1.85012	1.84413	
3.03206 1.90962	1.90354	
3.04115 1.95281	1.9467	
3.05024 2.00007	1.99395	
3.05933 2.06141	2.05523	
3.06842 2.09765	2.09151	
3.07751 2.1236	2.11753	
3.08661 2.16635	2.16033	
3.0957 2.21272	2.20674	
3.10479 2.24767	2.24178	
3.11388 2.23269	2.22702	
3.12297 2.31358	2.3079	
3.13206 2.32688	2.32137	
3.14116 2.31009	2.30482	
3.15025 2.33244	2.32733	
3.15934 2.38143	2.37643	
3.16843 2.38858	2.38379	
3.17752 2.37841	2.37386	
3.18661 2.41424	2.40985	
3.19571 2.38897	2.38486	
3.2048 2.37554	2.37168	
3.21389 2.39628	2.39262	
3.22298 2.3807	2.3773	
3.23207 2.40859	2.40539	
3.24116 2.37696	2.37403	
3.25026 2.37109	2.3684	
3.25935 2.36226	2.35981	
3.26844 2.3383	2.3361	
3.27753 2.36041	2.35842	
3.28662 2.34684	2.3451	
3.29571 2.31991	2.31842	
3.3048 2.29024	2.28898	
3.3139 2.27748	2.27644	
3.32299 2.28959	2.28877	
3.33208 2.2532	2.25261	
3.34117 2.23415	2.23377	
3.35026 2.24458	2.24441	
3.35935 2.21435	2.21439	
3.36845 2.20282	2.20305	
3.37754 2.18421	2.18465	
3.38663 2.1453	2.14592	
3.39572 2.08946	2.09024	
3.40481 2.11129	2.11227	
3.4139 2.07553	2.07667	
3.423 2.04225	2.04354	
3.43209 2.04792	2.04938	
3.44118 2.02782	2.02943	
3.45027 2.01429	2.01606	
3.45936 1.95072	1.95259	
3.46845 1.91873	1.92071	
3.47755 1.92194	1.92406	
3.48664 1.91258	1.91484	
3.49573 1.87544	1.8778	
3.50482 1.84476	1.84721	
3.51391 1.81226	1.81479	
3.523 1.82184	1.82451	
3.5321 1.80447	1.80724	
3.54119 1.76347	1.76628	
3.55028 1.7297	1.73257	
3.55937 1.73994	1.74294	
3.56846 1.71051	1.71357	
3.57755 1.70014	1.70329	
3.58665 1.65899	1.66216	
3.59574 1.64719	1.65043	
3.60483 1.62414	1.62742	
3.61392 1.58358	1.58686	
3.62301 1.59863	1.60203	
3.6321 1.55263	1.55601	
3.64119 1.55439	1.55785	
3.65029 1.53371	1.5372	
3.65938 1.52017	1.5237	
3.66847 1.51256	1.51615	
3.67756 1.46835	1.4719	
3.68665 1.44635	1.4499	
3.69574 1.4448	1.44841	
3.70484 1.42384	1.42745	
3.71393 1.40585	1.40948	
3.72302 1.38672	1.39034	
3.73211 1.35187	1.35545	
3.7412 1.36403	1.36769	
3.75029 1.35235	1.35602	
3.75939 1.31515	1.31876	
3.76848 1.31848	1.32214	
3.77757 1.29608	1.29972	
3.78666 1.26906	1.27266	
3.79575 1.26598	1.2696	
3.80484 1.238	1.24157	
3.81394 1.23436	1.23795	
3.82303 1.21693	1.2205	
3.83212 1.2165	1.22009	
3.84121 1.18291	1.18643	
3.8503 1.16035	1.16381	
3.85939 1.17796	1.1815	
3.86849 1.15144	1.15491	
3.87758 1.1342	1.13764	
3.88667 1.11117	1.11456	
3.89576 1.1332	1.13667	
3.90485 1.10018	1.10356	
3.91394 1.10026	1.10365	
3.92304 1.08146	1.0848	
3.93213 1.06193	1.06522	
3.94122 1.06288	1.06618	
3.95031 1.05116	1.05443	
3.9594 1.04084	1.04408	
3.96849 1.02239	1.02558	
3.97758 1.02884	1.03205	
3.98668 0.996813	0.999926	
3.99577 0.990364	0.993456	
4.00486 0.99535	0.998457	
4.01395 0.965711	0.968722	
4.02304 0.973827	0.976861	
4.03213 0.968114	0.971128	
4.04123 0.953969	0.956934	
4.05032 0.953564	0.956523	
4.05941 0.942895	0.945815	
4.0685 0.91326	0.91608	
4.07759 0.931503	0.934371	
4.08668 0.90977	0.912563	
4.09578 0.910672	0.913459	
4.10487 0.896612	0.899345	
4.11396 0.889436	0.892136	
4.12305 0.88445	0.887123	
4.13214 0.875314	0.877947	
4.14123 0.875179	0.877799	
4.15033 0.870229	0.872821	
4.15942 0.859676	0.862222	
4.16851 0.837063	0.839526	
4.1776 0.827573	0.829992	
4.18669 0.83835	0.840785	
4.19578 0.826344	0.828727	
4.20488 0.824635	0.826996	
4.21397 0.803769	0.80605	
4.22306 0.814369	0.816662	
4.23215 0.811127	0.813393	
4.24124 0.814338	0.816594	
4.25033 0.805207	0.807418	
4.25943 0.800522	0.802701	
4.26852 0.795435	0.79758	
4.27761 0.781704	0.783791	
4.2867 0.785182	0.787257	
4.29579 0.763974	0.76597	
4.30488 0.772503	0.7745	
4.31397 0.768214	0.770177	
4.32307 0.764015	0.765944	
4.33216 0.762686	0.764588	
4.34125 0.762143	0.764021	
4.35034 0.745115	0.746926	
4.35943 0.744696	0.746482	
4.36852 0.742491	0.744247	
4.37762 0.754742	0.756502	
4.38671 0.740534	0.742236	
4.3958 0.727494	0.72914	
4.40489 0.732854	0.734486	
4.41398 0.732983	0.734589	
4.42307 0.729915	0.731487	
4.43217 0.721033	0.72256	
4.44126 0.719924	0.721421	
4.45035 0.720651	0.722123	
4.45944 0.720169	0.721612	
4.46853 0.727126	0.728556	
4.47762 0.722988	0.724383	
4.48672 0.721977	0.723342	
4.49581 0.706376	0.707682	
4.5049 0.691566	0.692815	
4.51399 0.707879	0.709128	
4.52308 0.703317	0.704529	
4.53217 0.710991	0.712188	
4.54127 0.705507	0.706665	
4.55036 0.700992	0.702113	
4.55945 0.705075	0.706173	
4.56854 0.690097	0.69114	
4.57763 0.698294	0.699319	
4.58672 0.690783	0.691767	
4.59582 0.68816	0.689109	
4.60491 0.697375	0.698306	
4.614 0.692978	0.693872	
4.62309 0.683886	0.684736	
4.63218 0.691354	0.692183	
4.64127 0.68491	0.685698	
4.65036 0.690207	0.69097	
4.65946 0.682553	0.683275	
4.66855 0.693533	0.694235	
4.67764 0.684048	0.684708	
4.68673 0.684754	0.685381	
4.69582 0.677166	0.677754	
4.70491 0.685672	0.686234	
4.71401 0.681753	0.682279	
4.7231 0.681623	0.682115	
4.73219 0.688125	0.688588	
4.74128 0.677818	0.678241	
4.75037 0.68538	0.685774	
4.75946 0.679459	0.679816	
4.76856 0.703561	0.703897	
4.77765 0.684386	0.684679	
4.78674 0.697681	0.697947	
4.79583 0.682609	0.682835	
4.80492 0.691673	0.691868	
4.81401 0.691805	0.691965	
4.82311 0.691686	0.691812	
4.8322 0.697733	0.697826	
4.84129 0.692985	0.693044	
4.85038 0.689329	0.689352	
4.85947 0.697801	0.69779	
4.86856 0.706923	0.706877	
4.87766 0.696804	0.696725	
4.88675 0.707895	0.70778	
4.89584 0.69443	0.694282	
4.90493 0.700817	0.700633	
4.91402 0.694703	0.694485	
4.92311 0.69462	0.694366	
4.93221 0.703346	0.703054	
4.9413 0.715303	0.714971	
4.95039 0.709669	0.709305	
4.95948 0.701858	0.701462	
4.96857 0.716891	0.716452	
4.97766 0.723477	0.723	
4.98676 0.723807	0.723295	
4.99585 0.723629	0.723083	
5.00494 0.717923	0.717346	
5.01403 0.719292	0.718679	
5.02312 0.725818	0.725164	
5.03221 0.731709	0.731015	
5.0413 0.736571	0.735838	
5.0504 0.747308	0.746531	
5.05949 0.743827	0.74302	
5.06858 0.74306	0.742219	
5.07767 0.749025	0.748144	
5.08676 0.751435	0.750518	
5.09585 0.752644	0.751692	
5.10495 0.761806	0.760809	
5.11404 0.761919	0.760889	
5.12313 0.762113	0.761049	
5.13222 0.764454	0.763354	
5.14131 0.766517	0.765381	
5.1504 0.785794	0.784598	
5.1595 0.778467	0.777251	
5.16859 0.780911	0.779659	
5.17768 0.792812	0.79151	
5.18677 0.792945	0.791612	
5.19586 0.789542	0.788183	
5.20495 0.796208	0.794806	
5.21405 0.793767	0.792339	
5.22314 0.811672	0.810183	
5.23223 0.812583	0.811063	
5.24132 0.811666	0.810118	
5.25041 0.820174	0.818581	
5.2595 0.82583	0.824198	
5.2686 0.825475	0.823816	
5.27769 0.83758	0.83587	
5.28678 0.841602	0.839857	
5.29587 0.848988	0.847203	
5.30496 0.845677	0.843873	
5.31405 0.844032	0.842205	
5.32315 0.852721	0.85085	
5.33224 0.859909	0.857999	
5.34133 0.86601	0.864063	
5.35042 0.859345	0.857388	
5.35951 0.884195	0.882161	
5.3686 0.879156	0.877112	
5.37769 0.884463	0.882385	
5.38679 0.883278	0.881182	
5.39588 0.890824	0.888689	
5.40497 0.89975	0.897576	
5.41406 0.904239	0.902036	
5.42315 0.910814	0.908577	
5.43224 0.912881	0.910622	
5.44134 0.912323	0.910049	
5.45043 0.924251	0.921932	
5.45952 0.928901	0.926556	
5.46861 0.940571	0.938184	
5.4777 0.924408	0.922048	
5.48679 0.927413	0.925031	
5.49589 0.948309	0.945862	
5.50498 0.954163	0.951691	
5.51407 0.955571	0.953086	
5.52316 0.956444	0.953947	
5.53225 0.966275	0.963745	
5.54134 0.969646	0.967101	
5.55044 0.978218	0.975645	
5.55953 0.981114	0.978529	
5.56862 0.981754	0.979163	
5.57771 0.982494	0.979897	
5.5868 0.997035	0.994398	
5.59589 1.00423	1.00158	
5.60499 0.99444	0.991809	
5.61408 1.01134	1.00867	
5.62317 1.00072	0.998073	
5.63226 1.01391	1.01123	
5.64135 1.01203	1.00936	
5.65044 1.03173	1.02901	
5.65954 1.031	1.02829	
5.66863 1.04132	1.0386	
5.67772 1.03687	1.03416	
5.68681 1.04337	1.04066	
5.6959 1.04994	1.04722	
5.70499 1.04242	1.03972	
5.71408 1.06346	1.06072	
5.72318 1.07449	1.07175	
5.73227 1.06853	1.06582	
5.74136 1.07657	1.07386	
5.75045 1.07838	1.07569	
5.75954 1.08555	1.08285	
5.76863 1.08503	1.08235	
5.77773 1.10391	1.10121	
5.78682 1.08784	1.08521	
5.79591 1.10395	1.1013	
5.805 1.09713	1.09452	
5.81409 1.10816	1.10556	
5.82318 1.11608	1.11349	
5.83228 1.12384	1.12127	
5.84137 1.11815	1.11562	
5.85046 1.12151	1.119	
5.85955 1.12566	1.12318	
5.86864 1.13034	1.12789	
5.87773 1.12921	1.12679	
5.88683 1.12779	1.12541	
5.89592 1.15603	1.15364	
5.90501 1.14008	1.13776	
5.9141 1.13908	1.13679	
5.92319 1.15114	1.14887	
5.93228 1.15077	1.14854	
5.94138 1.15496	1.15277	
5.95047 1.15028	1.14815	
5.95956 1.16252	1.16041	
5.96865 1.16233	1.16026	
5.97774 1.17216	1.17013	
5.98683 1.17079	1.1688	
5.99593 1.18194	1.18	
6.00502 1.18016	1.17827	
6.01411 1.17173	1.16991	
6.0232 1.18224	1.18045	
6.03229 1.17749	1.17577	
6.04138 1.17538	1.17371	
6.05047 1.18908	1.18745	
6.05957 1.18514	1.18357	
6.06866 1.18991	1.18839	
6.07775 1.18377	1.18232	
6.08684 1.19481	1.19341	
6.09593 1.19806	1.19671	
6.10502 1.19261	1.19133	
6.11412 1.1921	1.19088	
6.12321 1.19631	1.19515	
6.1323 1.20088	1.19978	
6.14139 1.19591	1.19488	
6.15048 1.20227	1.2013	
6.15957 1.20133	1.20042	
6.16867 1.19403	1.19319	
6.17776 1.20437	1.20359	
6.18685 1.19636	1.19565	
6.19594 1.19761	1.19696	
6.20503 1.20657	1.20598	
6.21412 1.19866	1.19815	
6.22322 1.20653	1.20608	
6.23231 1.1962	1.19582	
6.2414 1.20647	1.20615	
6.25049 1.20575	1.2055	
6.25958 1.2041	1.20392	
6.26867 1.2013	1.20119	
6.27777 1.20226	1.20222	
6.28686 1.19672	1.19674	
6.29595 1.19129	1.19138	
6.30504 1.19345	1.19361	
6.31413 1.20424	1.20447	
6.32322 1.19701	1.1973	
6.33232 1.19227	1.19263	
6.34141 1.19464	1.19506	
6.3505 1.18571	1.18619	
6.35959 1.19284	1.19339	
6.36868 1.18773	1.18835	
6.37777 1.18825	1.18893	
6.38686 1.18211	1.18286	
6.39596 1.17587	1.17668	
6.40505 1.16902	1.16988	
6.41414 1.18788	1.18882	
6.42323 1.17088	1.17187	
6.43232 1.17037	1.17142	
6.44141 1.17041	1.17151	
6.45051 1.16771	1.16887	
6.4596 1.16154	1.16275	
6.46869 1.16132	1.16258	
6.47778 1.15279	1.1541	
6.48687 1.15732	1.15869	
6.49596 1.149	1.15042	
6.50506 1.15788	1.15937	
6.51415 1.14498	1.1465	
6.52324 1.13944	1.141	
6.53233 1.14619	1.14781	
6.54142 1.14799	1.14967	
6.55051 1.14443	1.14616	
6.55961 1.13581	1.13757	
6.5687 1.13077	1.13257	
6.57779 1.12542	1.12725	
6.58688 1.12747	1.12935	
6.59597 1.12686	1.12879	
6.60506 1.11833	1.12028	
6.61416 1.12418	1.12619	
6.62325 1.11385	1.11589	
6.63234 1.11088	1.11295	
6.64143 1.10524	1.10734	
6.65052 1.09817	1.10029	
6.65961 1.10458	1.10675	
6.66871 1.09895	1.10114	
6.6778 1.1002	1.10244	
6.68689 1.09724	1.0995	
6.69598 1.09057	1.09285	
6.70507 1.08893	1.09124	
6.71416 1.08721	1.08955	
6.72325 1.0774	1.07974	
6.73235 1.07499	1.07736	
6.74144 1.06752	1.0699	
6.75053 1.06321	1.0656	
6.75962 1.06273	1.06514	
6.76871 1.07414	1.07661	
6.7778 1.06133	1.06379	
6.7869 1.0582	1.06067	
6.79599 1.05687	1.05936	
6.80508 1.05289	1.05539	
6.81417 1.05343	1.05595	
6.82326 1.04337	1.04588	
6.83235 1.04489	1.04743	
6.84145 1.02915	1.03166	
6.85054 1.03906	1.04161	
6.85963 1.03903	1.0416	
6.86872 1.02626	1.0288	
6.87781 1.03707	1.03965	
6.8869 1.03077	1.03335	
6.896 1.03099	1.03358	
6.90509 1.01771	1.02028	
6.91418 1.02762	1.03022	
6.92327 1.01633	1.01891	
6.93236 1.01062	1.01319	
6.94145 1.00668	1.00924	
6.95055 1.01342	1.016	
6.95964 0.996717	0.999259	
6.96873 0.99274	0.99527	
6.97782 1.00108	1.00363	
6.98691 0.989206	0.991725	
6.996 0.98717	0.98968	
7.0051 0.988077	0.990586	
7.01419 0.98245	0.98494	
7.02328 0.979931	0.982408	
7.03237 0.979051	0.981519	
7.04146 0.980368	0.982833	
7.05055 0.981059	0.98352	
7.05964 0.971455	0.973883	
7.06874 0.972544	0.974966	
7.07783 0.963345	0.965731	
7.08692 0.961846	0.964216	
7.09601 0.951836	0.954165	
7.1051 0.970884	0.97325	
7.11419 0.956883	0.959201	
7.12329 0.954956	0.957254	
7.13238 0.957474	0.959763	
7.14147 0.948921	0.951172	
7.15056 0.954297	0.956545	
7.15965 0.947648	0.949862	
7.16874 0.951537	0.953743	
7.17784 0.952408	0.954601	
7.18693 0.945081	0.947237	
7.19602 0.946681	0.948822	
7.20511 0.941628	0.943737	
7.2142 0.937817	0.939896	
7.22329 0.934197	0.936245	
7.23239 0.933932	0.935956	
7.24148 0.927305	0.929289	
7.25057 0.921183	0.923127	
7.25966 0.930393	0.932331	
7.26875 0.926972	0.928877	
7.27784 0.928491	0.930374	
7.28694 0.928162	0.930019	
7.29603 0.917603	0.91941	
7.30512 0.922017	0.923804	
7.31421 0.917712	0.919461	
7.3233 0.918924	0.920647	
7.33239 0.917491	0.919181	
7.34149 0.913073	0.914724	
7.35058 0.916191	0.917817	
7.35967 0.909174	0.910755	
7.36876 0.911173	0.912725	
7.37785 0.91466	0.916187	
7.38694 0.913491	0.914984	
7.39603 0.906601	0.908049	
7.40513 0.917926	0.919362	
7.41422 0.903336	0.904713	
7.42331 0.904027	0.905371	
7.4324 0.904589	0.905898	
7.44149 0.905105	0.906379	
7.45058 0.907087	0.908329	
7.45968 0.903124	0.904325	
7.46877 0.908735	0.90991	
7.47786 0.900644	0.901771	
7.48695 0.900077	0.901166	
7.49604 0.90593	0.90699	
7.50513 0.899225	0.90024	
7.51423 0.899341	0.900317	
7.52332 0.897228	0.898164	
7.53241 0.902022	0.902925	
7.5415 0.900207	0.90107	
7.55059 0.902736	0.903565	
7.55968 0.89614	0.896922	
7.56878 0.903969	0.904721	
7.57787 0.904705	0.905421	
7.58696 0.902617	0.903293	
7.59605 0.898708	0.899342	
7.60514 0.902974	0.903573	
7.61423 0.898255	0.898812	
7.62333 0.90646	0.906984	
7.63242 0.899939	0.900421	
7.64151 0.898421	0.898861	
7.6506 0.896287	0.896685	
7.65969 0.897486	0.897844	
7.66878 0.902747	0.903068	
7.67788 0.901188	0.901469	
7.68697 0.903204	0.903447	
7.69606 0.896034	0.896233	
7.70515 0.901296	0.901457	
7.71424 0.905826	0.905949	
7.72333 0.900385	0.900467	
7.73243 0.910298	0.910344	
7.74152 0.901215	0.901219	
7.75061 0.904521	0.904487	
7.7597 0.897655	0.897579	
7.76879 0.90375	0.903634	
7.77788 0.903833	0.903676	
7.78697 0.899273	0.899075	
7.79607 0.903336	0.903096	
7.80516 0.907675	0.907396	
7.81425 0.906883	0.906565	
7.82334 0.908206	0.907848	
7.83243 0.902567	0.90217	
7.84152 0.907283	0.906844	
7.85062 0.907133	0.906655	
7.85971 0.917082	0.916563	
7.8688 0.916082	0.915526	
7.87789 0.915486	0.914894	
7.88698 0.914106	0.913477	
7.89607 0.916532	0.915865	
7.90517 0.91782	0.917116	
7.91426 0.925058	0.924314	
7.92335 0.918871	0.918096	
7.93244 0.924626	0.923812	
7.94153 0.923463	0.922616	
7.95062 0.926395	0.925512	
7.95972 0.919983	0.91907	
7.96881 0.926299	0.925346	
7.9779 0.925793	0.924806	
7.98699 0.92486	0.92384	
7.99608 0.925952	0.924896	
8.00517 0.923602	0.922514	
8.01427 0.929862	0.928734	
8.02336 0.928866	0.927706	
8.03245 0.943783	0.942578	
8.04154 0.946948	0.945713	
8.05063 0.943236	0.941978	
8.05972 0.940148	0.938866	
8.06882 0.937299	0.935991	
8.07791 0.933487	0.932152	
8.087 0.945179	0.9438	
8.09609 0.937398	0.936	
8.10518 0.944396	0.942961	
8.11427 0.946106	0.944641	
8.12336 0.952911	0.951413	
8.13246 0.957626	0.956098	
8.14155 0.94943	0.94789	
8.15064 0.948645	0.94708	
8.15973 0.956022	0.954423	
8.16882 0.959318	0.957693	
8.17791 0.962546	0.960896	
8.18701 0.95738	0.955717	
8.1961 0.956693	0.955008	
8.20519 0.962072	0.960358	
8.21428 0.953387	0.951664	
8.22337 0.967803	0.966037	
8.23246 0.969215	0.96743	
8.24156 0.96945	0.967647	
8.25065 0.974163	0.972338	
8.25974 0.968545	0.966713	
8.26883 0.974396	0.972539	
8.27792 0.981495	0.979613	
8.28701 0.974981	0.973098	
8.29611 0.980428	0.978522	
8.3052 0.980206	0.97829	
8.31429 0.975717	0.973796	
8.32338 0.988062	0.986109	
8.33247 0.9879	0.98594	
8.34156 0.986335	0.984369	
8.35066 0.988483	0.986506	
8.35975 0.984126	0.982149	
8.36884 0.994396	0.992394	
8.37793 0.992708	0.990703	
8.38702 0.992943	0.990934	
8.39611 0.991711	0.989699	
8.40521 1.00071	0.998679	
8.4143 0.999351	0.99732	
8.42339 1.00063	0.998598	
8.43248 1.0043	1.00226	
8.44157 1.00172	0.999687	
8.45066 1.00573	1.00369	
8.45975 1.01059	1.00855	
8.46885 1.00668	1.00465	
8.47794 1.00514	1.00311	
8.48703 1.01457	1.01252	
8.49612 1.01007	1.00804	
8.50521 1.02118	1.01914	
8.5143 1.02034	1.01832	
8.5234 1.01968	1.01767	
8.53249 1.01173	1.00974	
8.54158 1.01619	1.01419	
8.55067 1.01924	1.01725	
8.55976 1.02359	1.02161	
8.56885 1.02198	1.02001	
8.57795 1.01665	1.0147	
8.58704 1.02276	1.02081	
8.59613 1.02508	1.02314	
8.60522 1.03396	1.03202	
8.61431 1.02746	1.02554	
8.6234 1.03444	1.03254	
8.6325 1.03353	1.03164	
8.64159 1.03221	1.03034	
8.65068 1.0375	1.03565	
8.65977 1.0347	1.03287	
8.66886 1.03445	1.03264	
8.67795 1.03507	1.03328	
8.68705 1.03672	1.03495	
8.69614 1.03775	1.036	
8.70523 1.04265	1.04092	
8.71432 1.03784	1.03615	
8.72341 1.04088	1.03921	
8.7325 1.04621	1.04456	
8.7416 1.04236	1.04074	
8.75069 1.04396	1.04236	
8.75978 1.04624	1.04467	
8.76887 1.04735	1.0458	
8.77796 1.04555	1.04404	
8.78705 1.04847	1.04698	
8.79614 1.05119	1.04973	
8.80524 1.05057	1.04914	
8.81433 1.04642	1.04503	
8.82342 1.0482	1.04683	
8.83251 1.04985	1.04852	
8.8416 1.05248	1.05118	
8.85069 1.05153	1.05027	
8.85979 1.04769	1.04645	
8.86888 1.05362	1.05241	
8.87797 1.0468	1.04563	
8.88706 1.0455	1.04437	
8.89615 1.05363	1.05252	
8.90524 1.05311	1.05204	
8.91434 1.05649	1.05545	
8.92343 1.04928	1.04828	
8.93252 1.05563	1.05467	
8.94161 1.05639	1.05547	
8.9507 1.04908	1.04819	
8.95979 1.05538	1.05452	
8.96889 1.05404	1.05322	
8.97798 1.06196	1.06117	
8.98707 1.05913	1.05839	
8.99616 1.06015	1.05945	
9.00525 1.05439	1.05373	
9.01434 1.05585	1.05523	
9.02344 1.06012	1.05954	
9.03253 1.05707	1.05653	
9.04162 1.0611	1.0606	
9.05071 1.059	1.05854	
9.0598 1.06189	1.06148	
9.06889 1.05845	1.05808	
9.07799 1.06688	1.06655	
9.08708 1.06308	1.06281	
9.09617 1.05657	1.05634	
9.10526 1.05338	1.05319	
9.11435 1.05726	1.05711	
9.12344 1.05743	1.05732	
9.13253 1.05871	1.05864	
9.14163 1.05783	1.0578	
9.15072 1.05106	1.05107	
9.15981 1.05534	1.05539	
9.1689 1.0564	1.0565	
9.17799 1.0538	1.05393	
9.18708 1.05197	1.05214	
9.19618 1.05956	1.05978	
9.20527 1.05799	1.05825	
9.21436 1.05317	1.05346	
9.22345 1.04929	1.04963	
9.23254 1.05538	1.05576	
9.24163 1.05737	1.05779	
9.25073 1.05653	1.05699	
9.25982 1.05477	1.05528	
9.26891 1.05219	1.05273	
9.278 1.05058	1.05116	
9.28709 1.03925	1.03985	
9.29618 1.0489	1.04955	
9.30528 1.04491	1.04559	
9.31437 1.05339	1.05411	
9.32346 1.05366	1.05442	
9.33255 1.05171	1.05252	
9.34164 1.04427	1.0451	
9.35073 1.04265	1.04352	
9.35983 1.04319	1.04409	
9.36892 1.0443	1.04523	
9.37801 1.03265	1.0336	
9.3871 1.04678	1.04779	
9.39619 1.03798	1.03901	
9.40528 1.0452	1.04627	
9.41438 1.04124	1.04233	
9.42347 1.04201	1.04315	
9.43256 1.04213	1.0433	
9.44165 1.03695	1.03814	
9.45074 1.03897	1.04019	
9.45983 1.0332	1.03445	
9.46892 1.0358	1.03708	
9.47802 1.04476	1.04609	
9.48711 1.03736	1.0387	
9.4962 1.03443	1.0358	
9.50529 1.03878	1.04019	
9.51438 1.02851	1.02993	
9.52347 1.02166	1.02308	
9.53257 1.03605	1.03753	
9.54166 1.03538	1.03689	
9.55075 1.02854	1.03006	
9.55984 1.04014	1.04171	
9.56893 1.02489	1.02647	
9.57802 1.0287	1.0303	
9.58712 1.03264	1.03427	
9.59621 1.03112	1.03278	
9.6053 1.01919	1.02085	
9.61439 1.03129	1.03299	
9.62348 1.02409	1.0258	
9.63257 1.01964	1.02136	
9.64167 1.02289	1.02464	
9.65076 1.02252	1.02429	
9.65985 1.01774	1.01952	
9.66894 1.01654	1.01833	
9.67803 1.01725	1.01906	
9.68712 1.01546	1.01728	
9.69622 1.01263	1.01445	
9.70531 1.0112	1.01304	
9.7144 1.01577	1.01762	
9.72349 1.01568	1.01755	
9.73258 1.01141	1.01329	
9.74167 1.01417	1.01607	
9.75077 1.01114	1.01304	
9.75986 1.00397	1.00586	
9.76895 1.00756	1.00946	
9.77804 1.00986	1.01178	
9.78713 1.00321	1.00512	
9.79622 1.00225	1.00416	
9.80531 0.998775	1.00068	
9.81441 1.00419	1.00611	
9.8235 1.00203	1.00395	
9.83259 1.00365	1.00558	
9.84168 1.00328	1.00522	
9.85077 0.997563	0.999483	
9.85986 0.994557	0.996469	
9.86896 1.001	1.00292	
9.87805 0.999514	1.00144	
9.88714 0.997711	0.999632	
9.89623 0.991026	0.992927	
9.90532 0.996433	0.998344	
9.91441 0.992645	0.994544	
9.92351 0.993223	0.995119	
9.9326 0.994441	0.996336	
9.94169 0.9846	0.986465	
9.95078 0.986285	0.988142	
9.95987 0.993988	0.995856	
9.96896 0.986137	0.98798	
9.97806 0.990505	0.992349	
9.98715 0.991182	0.993021	
9.99624 0.984033	0.985847	
10.0053 0.984398	0.986201	
10.0144 0.986638	0.988435	
10.0235 0.985741	0.987525	
10.0326 0.984936	0.986706	
10.0417 0.982591	0.984343	
10.0508 0.985957	0.987704	
10.0599 0.980174	0.981895	
10.069 0.981102	0.982809	
10.0781 0.982437	0.984132	
10.0872 0.977255	0.978923	
10.0962 0.983787	0.985452	
10.1053 0.975453	0.977083	
10.1144 0.978623	0.980241	
10.1235 0.977563	0.979161	
10.1326 0.973313	0.974881	
10.1417 0.977348	0.978903	
10.1508 0.973418	0.974944	
10.1599 0.976226	0.977737	
10.169 0.978979	0.980476	
10.1781 0.974724	0.976192	
10.1872 0.972099	0.973539	
10.1963 0.96861	0.970017	
10.2053 0.977885	0.979287	
10.2144 0.973068	0.974439	
10.2235 0.974964	0.976315	
10.2326 0.965431	0.966739	
10.2417 0.973224	0.974519	
10.2508 0.977458	0.978738	
10.2599 0.970457	0.971701	
10.269 0.969298	0.970514	
10.2781 0.972438	0.973632	
10.2872 0.968716	0.969877	
10.2963 0.965839	0.966966	
10.3054 0.971805	0.972913	
10.3144 0.970466	0.971545	
10.3235 0.970599	0.971651	
10.3326 0.971208	0.972234	
10.3417 0.968345	0.969339	
10.3508 0.966772	0.967733	
10.3599 0.968891	0.969826	
10.369 0.968807	0.969712	
10.3781 0.966489	0.967361	
10.3872 0.969003	0.969848	
10.3963 0.964927	0.965735	
10.4054 0.966416	0.967193	
10.4145 0.965984	0.966729	
10.4235 0.970335	0.971054	
10.4326 0.968446	0.969134	
10.4417 0.969924	0.970583	
10.4508 0.967136	0.967762	
10.4599 0.966409	0.967002	
10.469 0.967267	0.967829	
10.4781 0.964535	0.965061	
10.4872 0.968361	0.968858	
10.4963 0.967477	0.967941	
10.5054 0.966091	0.966521	
10.5145 0.961815	0.962205	
10.5236 0.970623	0.970986	
10.5326 0.963866	0.964191	
10.5417 0.966573	0.966865	
10.5508 0.963461	0.963715	
10.5599 0.964468	0.964687	
10.569 0.967785	0.967972	
10.5781 0.967268	0.967421	
10.5872 0.962197	0.962311	
10.5963 0.972913	0.973	
10.6054 0.966132	0.966183	
10.6145 0.968746	0.968766	
10.6236 0.968979	0.968966	
10.6327 0.96673	0.966683	
10.6417 0.964578	0.964494	
10.6508 0.970372	0.970256	
10.6599 0.973769	0.973624	
10.669 0.967426	0.967248	
10.6781 0.969152	0.968941	
10.6872 0.967703	0.967457	
10.6963 0.968785	0.968505	
10.7054 0.969179	0.968866	
10.7145 0.97047	0.970124	
10.7236 0.969269	0.96889	
10.7327 0.972295	0.971885	
10.7418 0.96949	0.969048	
10.7508 0.972503	0.972029	
10.7599 0.972634	0.97213	
10.769 0.969701	0.969165	
10.7781 0.974706	0.974139	
10.7872 0.969252	0.968653	
10.7963 0.972127	0.971494	
10.8054 0.972726	0.972063	
10.8145 0.970781	0.970086	
10.8236 0.973954	0.973226	
10.8327 0.974581	0.973824	
10.8418 0.975708	0.974922	
10.8509 0.976241	0.975427	
10.8599 0.975531	0.974689	
10.869 0.979709	0.978839	
10.8781 0.97742	0.976526	
10.8872 0.98399	0.98307	
10.8963 0.976568	0.975628	
10.9054 0.97165	0.970681	
10.9145 0.981278	0.980276	
10.9236 0.980843	0.979819	
10.9327 0.977181	0.976133	
10.9418 0.979689	0.978614	
10.9509 0.97935	0.978249	
10.96 0.985545	0.984419	
10.969 0.980801	0.979656	
10.9781 0.980645	0.979477	
10.9872 0.987123	0.98593	
10.9963 0.984244	0.983034	
11.0054 0.98541	0.98418	
11.0145 0.982063	0.980815	
11.0236 0.984346	0.983074	
11.0327 0.983013	0.981721	
11.0418 0.986689	0.985375	
11.0509 0.982948	0.981617	
11.06 0.98469	0.983336	
11.0691 0.984823	0.983449	
11.0781 0.99001	0.988615	
11.0872 0.985785	0.984376	
11.0963 0.986114	0.984686	
11.1054 0.990406	0.988958	
11.1145 0.988575	0.987114	
11.1236 0.991076	0.989598	
11.1327 0.989339	0.987848	
11.1418 0.993253	0.991747	
11.1509 0.992866	0.991349	
11.16 0.989154	0.987627	
11.1691 0.996747	0.995202	
11.1781 0.994926	0.993376	
11.1872 0.997924	0.996364	
11.1963 0.990657	0.989095	
11.2054 0.995492	0.993914	
11.2145 0.996557	0.994972	
11.2236 0.993872	0.99228	
11.2327 0.999465	0.997862	
11.2418 1.00387	1.00227	
11.2509 0.99854	0.996938	
11.26 0.993179	0.991575	
11.2691 1.00056	0.998946	
11.2782 1.00356	1.00194	
11.2872 0.997289	0.995673	
11.2963 1.00015	0.998525	
11.3054 0.998744	0.997119	
11.3145 1.00387	1.00224	
11.3236 1.0065	1.00487	
11.3327 1.00298	1.00136	
11.3418 1.00314	1.00153	
11.3509 1.00514	1.00352	
11.36 0.999969	0.998359	
11.3691 1.00458	1.00296	
11.3782 1.00807	1.00646	
11.3873 1.00671	1.00511	
11.3963 1.00652	1.00493	
11.4054 1.00244	1.00085	
11.4145 1.00746	1.00588	
11.4236 1.00557	1.00399	
11.4327 1.00686	1.00529	
11.4418 1.00966	1.00809	
11.4509 1.00694	1.00539	
11.46 1.0099	1.00835	
11.4691 1.00679	1.00525	
11.4782 1.00895	1.00742	
11.4873 1.01485	1.01334	
11.4964 1.0171	1.01561	
11.5054 1.01154	1.01006	
11.5145 1.00742	1.00596	
11.5236 1.00708	1.00563	
11.5327 1.01125	1.0098	
11.5418 1.01188	1.01045	
11.5509 1.01717	1.01576	
11.56 1.01294	1.01155	
11.5691 1.01439	1.01302	
11.5782 1.00885	1.00749	
11.5873 1.01327	1.01193	
11.5964 1.01622	1.0149	
11.6055 1.01871	1.01741	
11.6145 1.01517	1.01389	
11.6236 1.01214	1.01088	
11.6327 1.01278	1.01154	
11.6418 1.01676	1.01554	
11.6509 1.01625	1.01506	
11.66 1.01769	1.01652	
11.6691 1.01771	1.01656	
11.6782 1.01588	1.01475	
11.6873 1.01429	1.01319	
11.6964 1.02088	1.0198	
11.7055 1.0195	1.01846	
11.7146 1.01555	1.01453	
11.7236 1.01847	1.01748	
11.7327 1.01615	1.01517	
11.7418 1.02103	1.02009	
11.7509 1.02187	1.02095	
11.76 1.01871	1.01783	
11.7691 1.01979	1.01894	
11.7782 1.02396	1.02314	
11.7873 1.01943	1.01865	
11.7964 1.01818	1.01742	
11.8055 1.02033	1.0196	
11.8146 1.01808	1.01738	
11.8237 1.02169	1.02102	
11.8327 1.02311	1.02248	
11.8418 1.0209	1.0203	
11.8509 1.0196	1.01903	
11.86 1.02005	1.01952	
11.8691 1.02131	1.02081	
11.8782 1.01917	1.0187	
11.8873 1.0203	1.01986	
11.8964 1.01863	1.01823	
11.9055 1.02414	1.02377	
11.9146 1.01903	1.01869	
11.9237 1.01741	1.0171	
11.9328 1.02083	1.02056	
11.9418 1.02268	1.02245	
11.9509 1.0209	1.0207	
11.96 1.01642	1.01625	
11.9691 1.02341	1.02328	
11.9782 1.01846	1.01836	
11.9873 1.01529	1.01522	
11.9964 1.01719	1.01714	
12.0055 1.01757	1.01756	
12.0146 1.01826	1.01827	
12.0237 1.02296	1.02301	
12.0328 1.01819	1.01828	
12.0419 1.01316	1.01327	
12.0509 1.01586	1.016	
12.06 1.01791	1.01808	
12.0691 1.019	1.01921	
12.0782 1.02059	1.02083	
12.0873 1.01886	1.01913	
12.0964 1.01834	1.01865	
12.1055 1.01556	1.0159	
12.1146 1.02339	1.02377	
12.1237 1.01883	1.01924	
12.1328 1.01663	1.01707	
12.1419 1.01762	1.0181	
12.151 1.01976	1.02027	
12.16 1.01883	1.01938	
12.1691 1.01939	1.01998	
12.1782 1.01789	1.01851	
12.1873 1.02014	1.0208	
12.1964 1.01871	1.0194	
12.2055 1.01664	1.01736	
12.2146 1.01341	1.01415	
12.2237 1.01657	1.01735	
12.2328 1.01781	1.01863	
12.2419 1.01486	1.0157	
12.251 1.01411	1.01498	
12.2601 1.01705	1.01796	
12.2691 1.0169	1.01784	
12.2782 1.01394	1.01491	
12.2873 1.01613	1.01713	
12.2964 1.01474	1.01577	
12.3055 1.01334	1.0144	
12.3146 1.01296	1.01404	
12.3237 1.01893	1.02006	
12.3328 1.01786	1.01902	
12.3419 1.0162	1.0174	
12.351 1.01289	1.01411	
12.3601 1.0104	1.01163	
12.3692 1.01573	1.01701	
12.3782 1.01015	1.01145	
12.3873 1.012	1.01332	
12.3964 1.00754	1.00887	
12.4055 1.00665	1.008	
12.4146 1.01531	1.0167	
12.4237 1.01324	1.01466	
12.4328 1.00443	1.00585	
12.4419 1.00823	1.00967	
12.451 1.00392	1.00536	
12.4601 1.00603	1.00749	
12.4692 1.00579	1.00726	
12.4783 1.00613	1.00762	
12.4873 1.00663	1.00814	
12.4964 1.00786	1.00939	
12.5055 1.00636	1.00791	
12.5146 1.01031	1.01188	
12.5237 1.00711	1.0087	
12.5328 1.00498	1.00658	
12.5419 1.00836	1.00999	
12.551 1.0026	1.00423	
12.5601 1.00266	1.0043	
12.5692 1.00833	1.00999	
12.5783 1.00168	1.00334	
12.5874 1.00867	1.01037	
12.5964 1.00072	1.00241	
12.6055 1.00544	1.00715	
12.6146 1.0028	1.00451	
12.6237 0.999788	1.0015	
12.6328 1.00576	1.0075	
12.6419 1.00281	1.00456	
12.651 1.00263	1.00439	
12.6601 0.998016	0.99976	
12.6692 1.00482	1.0066	
12.6783 0.998472	1.00023	
12.6874 0.999734	1.0015	
12.6965 0.994995	0.996745	
12.7055 0.997591	0.999344	
12.7146 0.993885	0.995621	
12.7237 1.00116	1.00292	
12.7328 1.00236	1.00413	
12.7419 0.995412	0.997161	
12.751 0.999833	1.00159	
12.7601 0.997657	0.999411	
12.7692 0.996424	0.998173	
12.7783 1.00118	1.00295	
12.7874 0.994585	0.996328	
12.7965 0.998506	1.00026	
12.8056 0.995643	0.997383	
12.8146 0.998666	1.00041	
12.8237 0.996857	0.998597	
12.8328 0.992407	0.994126	
12.8419 1.00074	1.00247	
12.851 0.994093	0.995811	
12.8601 0.994445	0.996154	
12.8692 0.994188	0.995888	
12.8783 0.997425	0.999128	
12.8874 0.993846	0.995532	
12.8965 0.995639	0.997322	
12.9056 0.992767	0.994432	
12.9146 0.993097	0.994751	
12.9237 0.991002	0.992635	
12.9328 0.989838	0.991449	
12.9419 0.991535	0.993132	
12.951 0.990588	0.992165	
12.9601 0.994518	0.996093	
12.9692 0.993839	0.995402	
12.9783 0.996182	0.997743	
12.9874 0.992331	0.993872	
12.9965 0.991599	0.993122	
13.0056 0.99066	0.992163	
13.0147 0.992543	0.994034	
13.0237 0.989716	0.991182	
13.0328 0.993073	0.994531	
13.0419 0.991555	0.992994	
13.051 0.98421	0.985604	
13.0601 0.992599	0.993991	
13.0692 0.990008	0.991376	
13.0783 0.992229	0.993584	
13.0874 0.989827	0.991157	
13.0965 0.987682	0.988983	
13.1056 0.990199	0.991483	
13.1147 0.991587	0.992855	
13.1238 0.988259	0.989498	
13.1328 0.991842	0.993068	
13.1419 0.986118	0.987306	
13.151 0.987121	0.988282	
13.1601 0.988389	0.989526	
13.1692 0.991639	0.992762	
13.1783 0.989907	0.991006	
13.1874 0.985741	0.986804	
13.1965 0.990711	0.991759	
13.2056 0.987497	0.988513	
13.2147 0.99031	0.991308	
13.2238 0.986048	0.987009	
13.2329 0.984967	0.985892	
13.2419 0.988946	0.98985	
13.251 0.990096	0.990979	
13.2601 0.990875	0.991738	
13.2692 0.989923	0.990762	
13.2783 0.989015	0.989828	
13.2874 0.983211	0.98398	
13.2965 0.992612	0.993371	
13.3056 0.993413	0.994158	
13.3147 0.987883	0.988595	
13.3238 0.98815	0.988835	
13.3329 0.987005	0.987658	
13.342 0.98636	0.98698	
13.351 0.986361	0.986948	
13.3601 0.987044	0.987601	
13.3692 0.985938	0.98646	
13.3783 0.984043	0.984525	
13.3874 0.991183	0.991646	
13.3965 0.988933	0.989369	
13.4056 0.983653	0.984046	
13.4147 0.987807	0.988171	
13.4238 0.988323	0.988658	
13.4329 0.985805	0.986104	
13.442 0.984519	0.984779	
13.4511 0.987814	0.988045	
13.4601 0.988832	0.989035	
13.4692 0.98525	0.985414	
13.4783 0.993691	0.993841	
13.4874 0.985303	0.985413	
13.4965 0.988138	0.988218	
13.5056 0.983119	0.983156	
13.5147 0.983234	0.983228	
13.5238 0.98638	0.986338	
13.5329 0.990342	0.990274	
13.542 0.98724	0.987139	
13.5511 0.992908	0.992787	
13.5602 0.987499	0.987346	
13.5692 0.988479	0.988296	
13.5783 0.992992	0.992788	
13.5874 0.9886	0.988366	
13.5965 0.992494	0.992239	
13.6056 0.991158	0.990879	
13.6147 0.990526	0.990222	
13.6238 0.984808	0.984464	
13.6329 0.993108	0.992742	
13.642 0.987651	0.987253	
13.6511 0.988608	0.988178	
13.6602 0.991325	0.990869	
13.6693 0.992254	0.991776	
13.6783 0.986547	0.986035	
13.6874 0.993718	0.993183	
13.6965 0.992228	0.991672	
13.7056 0.990657	0.990075	
13.7147 0.993538	0.992935	
13.7238 0.989696	0.989065	
13.7329 0.992928	0.992274	
13.742 0.989826	0.989145	
13.7511 0.987845	0.987131	
13.7602 0.988765	0.988017	
13.7693 0.990472	0.989695	
13.7784 0.990137	0.989331	
13.7874 0.99504	0.994214	
13.7965 0.992317	0.991469	
13.8056 0.994845	0.993979	
13.8147 0.991738	0.990849	
13.8238 0.985779	0.984854	
13.8329 0.990699	0.989741	
13.842 0.996443	0.995467	
13.8511 0.993281	0.992286	
13.8602 0.993817	0.992802	
13.8693 0.991994	0.990956	
13.8784 0.997394	0.99634	
13.8875 0.997096	0.996031	
13.8965 0.991097	0.99001	
13.9056 0.994055	0.992945	
13.9147 0.997265	0.996141	
13.9238 0.993996	0.992856	
13.9329 0.989719	0.988551	
13.942 0.99795	0.996763	
13.9511 0.995029	0.993828	
13.9602 0.997139	0.995924	
13.9693 0.993138	0.991905	
13.9784 0.994238	0.992983	
13.9875 0.994891	0.993617	
13.9966 0.996896	0.995607	
14.0056 1.00027	0.998969	
14.0147 0.997026	0.995721	
14.0238 1.002	1.00069	
14.0329 0.998195	0.996882	
14.042 0.998608	0.997287	
14.0511 0.997829	0.996498	
14.0602 0.991871	0.990521	
14.0693 1.00016	0.998795	
14.0784 0.998876	0.997505	
14.0875 1.00117	0.999795	
14.0966 0.997455	0.996074	
14.1057 1.00527	1.00389	
14.1147 0.998483	0.997104	
14.1238 1.00072	0.999334	
14.1329 1.00049	0.999105	
14.142 0.999237	0.997846	
14.1511 0.995259	0.993854	
14.1602 0.996329	0.994908	
14.1693 1.00485	1.00343	
14.1784 1.00278	1.00137	
14.1875 1.00015	0.998733	
14.1966 1.00492	1.00351	
14.2057 1.00718	1.00578	
14.2148 1.00106	0.999675	
14.2238 1.00078	0.999388	
14.2329 1.00185	1.00046	
14.242 1.00258	1.00119	
14.2511 1.00688	1.00551	
14.2602 1.00005	0.998673	
14.2693 1.00353	1.00216	
14.2784 1.01148	1.01013	
14.2875 1.0019	1.00056	
14.2966 1.00803	1.00671	
14.3057 1.00191	1.0006	
14.3148 0.999849	0.998534	
14.3239 1.00184	1.00052	
14.3329 1.00479	1.00348	
14.342 1.0036	1.0023	
14.3511 1.0036	1.00231	
14.3602 1.00627	1.00499	
14.3693 1.00486	1.00359	
14.3784 1.00438	1.00312	
14.3875 1.00524	1.004	
14.3966 1.00363	1.00239	
14.4057 1.0073	1.00608	
14.4148 1.00187	1.00065	
14.4239 1.0081	1.0069	
14.433 1.00324	1.00205	
14.442 1.00476	1.00358	
14.4511 1.01164	1.01049	
14.4602 1.00704	1.00591	
14.4693 1.00435	1.00323	
14.4784 1.0069	1.0058	
14.4875 1.00448	1.0034	
14.4966 1.00967	1.00861	
14.5057 1.00506	1.00401	
14.5148 1.01441	1.0134	
14.5239 1.00664	1.00565	
14.533 1.00768	1.00672	
14.5421 1.00356	1.00261	
14.5511 1.00633	1.0054	
14.5602 1.01325	1.01235	
14.5693 1.00088	0.999989	
14.5784 1.01052	1.00965	
14.5875 1.0053	1.00445	
14.5966 1.00992	1.00909	
14.6057 1.00816	1.00736	
14.6148 1.00542	1.00464	
14.6239 1.00736	1.0066	
14.633 1.01098	1.01025	
14.6421 1.0084	1.0077	
14.6511 1.01221	1.01154	
14.6602 1.00748	1.00684	
14.6693 1.00701	1.00639	
14.6784 1.00481	1.00421	
14.6875 1.00537	1.00478	
14.6966 1.01028	1.00972	
14.7057 1.00671	1.00617	
14.7148 1.00342	1.0029	
14.7239 1.00526	1.00476	
14.733 1.00968	1.0092	
14.7421 1.00591	1.00545	
14.7512 1.00778	1.00734	
14.7602 1.00782	1.00741	
14.7693 1.01136	1.01098	
14.7784 1.01037	1.01003	
14.7875 1.00709	1.00678	
14.7966 1.00496	1.00466	
14.8057 1.00786	1.00759	
14.8148 1.00974	1.0095	
14.8239 1.00608	1.00586	
14.833 1.00521	1.00501	
14.8421 1.00748	1.0073	
14.8512 1.00558	1.00542	
14.8603 1.0057	1.00556	
14.8693 1.0083	1.00819	
14.8784 1.00963	1.00956	
14.8875 1.00956	1.00952	
14.8966 1.00763	1.00762	
14.9057 1.00396	1.00396	
14.9148 1.01102	1.01105	
14.9239 1.00568	1.00574	
14.933 1.00796	1.00804	
14.9421 1.00413	1.00423	
14.9512 1.00861	1.00874	
14.9603 1.01113	1.0113	
14.9694 1.00536	1.00555	
14.9784 1.00786	1.00808	
14.9875 1.00218	1.00241	
14.9966 1.00504	1.00529	
15.0057 1.00501	1.00527	
15.0148 1.00489	1.00518	
15.0239 1.0131	1.01344	
15.033 1.00718	1.00755	
15.0421 1.00393	1.00431	
15.0512 1.00252	1.00291	
15.0603 1.00252	1.00292	
15.0694 1.0014	1.0018	
15.0785 1.00116	1.00157	
15.0875 1.00927	1.00972	
15.0966 1.00296	1.00341	
15.1057 1.00805	1.00855	
15.1148 1.00551	1.00603	
15.1239 1.00362	1.00415	
15.133 1.00525	1.00581	
15.1421 1.00388	1.00445	
15.1512 1.0065	1.00709	
15.1603 1.00226	1.00287	
15.1694 1.00074	1.00135	
15.1785 1.00907	1.00972	
15.1876 1.00369	1.00436	
15.1966 1.00313	1.00381	
15.2057 1.00267	1.00336	
15.2148 1.00702	1.00774	
15.2239 1.00606	1.0068	
15.233 1.00801	1.00879	
15.2421 1.00753	1.00834	
15.2512 1.00039	1.0012	
15.2603 1.00836	1.00921	
15.2694 1.00828	1.00916	
15.2785 1.00804	1.00897	
15.2876 1.00431	1.00525	
15.2967 1.00258	1.00353	
15.3057 1.0054	1.00637	
15.3148 1.00592	1.00692	
15.3239 1.00282	1.00383	
15.333 1.0022	1.00322	
15.3421 1.00259	1.00363	
15.3512 1.00961	1.0107	
15.3603 1.0035	1.0046	
15.3694 1.00214	1.00326	
15.3785 0.998097	0.999203	
15.3876 1.00484	1.00598	
15.3967 1.00445	1.00561	
15.4058 1.00511	1.00629	
15.4148 0.998984	1.00016	
15.4239 1.00355	1.00476	
15.433 1.00666	1.00789	
15.4421 1.00374	1.005	
15.4512 1.00683	1.00812	
15.4603 0.994342	0.995599	
15.4694 0.995769	0.997016	
15.4785 0.998099	0.999346	
15.4876 1.00051	1.00177	
15.4967 1.0024	1.00367	
15.5058 0.994814	0.996063	
15.5149 1.00057	1.00184	
15.5239 1.00139	1.00267	
15.533 0.997151	0.998415	
15.5421 0.997262	0.99852	
15.5512 1.00155	1.00282	
15.5603 0.9995	1.00078	
15.5694 0.996734	0.997997	
15.5785 0.999881	1.00115	
15.5876 0.997288	0.998551	
15.5967 1.00469	1.00599	
15.6058 1.00034	1.00163	
15.6149 0.998262	0.999556	
15.624 0.994835	0.996108	
15.633 0.997148	0.998417	
15.6421 0.998865	1.00014	
15.6512 1.00123	1.00252	
15.6603 0.998843	1.00013	
15.6694 1.00335	1.00466	
15.6785 1.00266	1.00399	
15.6876 0.985996	0.987246	
15.6967 0.998139	0.999402	
15.7058 1.00523	1.00653	
15.7149 0.99822	0.999508	
15.724 0.9971	0.99838	
15.7331 1.0003	1.00159	
15.7421 0.99998	1.00128	
15.7512 0.999814	1.00111	
15.7603 1.00274	1.00406	
15.7694 0.997105	0.998413	
15.7785 0.993662	0.994943	
15.7876 0.993339	0.994597	
15.7967 0.999377	1.00065	
15.8058 1.002	1.00328	
15.8149 0.993229	0.994479	
15.824 0.999903	1.00117	
15.8331 1.00345	1.00474	
15.8422 0.997177	0.998452	
15.8512 0.996472	0.997736	
15.8603 0.99726	0.998518	
15.8694 0.999581	1.00085	
15.8785 0.998886	1.00015	
15.8876 0.997844	0.999104	
15.8967 0.992001	0.993223	
15.9058 0.995588	0.9968	
15.9149 0.996138	0.997339	
15.924 1.00519	1.00643	
15.9331 1.00147	1.00272	
15.9422 0.996469	0.997701	
15.9513 0.995151	0.996365	
15.9603 0.993467	0.994655	
15.9694 0.99226	0.993418	
15.9785 0.992919	0.99405	
15.9876 0.994541	0.995655	
15.9967 1.00293	1.00407	
16.0058 0.996044	0.997165	
16.0149 0.998982	1.00011	
16.024 0.996651	0.997763	
16.0331 0.993323	0.994406	
16.0422 0.994497	0.99556	
16.0513 0.995918	0.996969	
16.0604 0.998992	1.00005	
16.0694 0.995938	0.996975	
16.0785 0.992257	0.993259	
16.0876 0.990327	0.991286	
16.0967 0.988048	0.988955	
16.1058 0.993812	0.994699	
16.1149 0.992991	0.993849	
16.124 0.996964	0.997815	
16.1331 0.993243	0.994063	
16.1422 0.995443	0.996247	
16.1513 0.994138	0.994917	
16.1604 0.996289	0.997056	
16.1695 0.996743	0.997498	
16.1785 0.997642	0.99839	
16.1876 0.995732	0.996462	
16.1967 0.994191	0.994896	
16.2058 0.992646	0.993318	
16.2149 0.999115	0.99979	
16.224 0.997604	0.99827	
16.2331 0.993869	0.994505	
16.2422 0.995465	0.996083	
16.2513 0.994346	0.99494	
16.2604 0.988303	0.988839	
16.2695 0.991375	0.991873	
16.2786 1.00044	1.00095	
16.2876 0.997504	0.998	
16.2967 0.997896	0.998384	
16.3058 0.99632	0.996792	
16.3149 0.994927	0.995375	
16.324 0.991149	0.991554	
16.3331 0.992213	0.992581	
16.3422 0.987473	0.987779	
16.3513 0.992215	0.992486	
16.3604 1.0013	1.00158	
16.3695 0.997612	0.997882	
16.3786 0.996472	0.996725	
16.3876 0.995496	0.995727	
16.3967 0.995992	0.996204	
16.4058 1.00035	1.00056	
16.4149 0.994691	0.994879	
16.424 0.994897	0.99506	
16.4331 0.991793	0.991915	
16.4422 0.996851	0.996958	
16.4513 0.988063	0.988109	
16.4604 0.996792	0.996821	
16.4695 0.995716	0.995723	
16.4786 0.991425	0.991389	
16.4877 0.992721	0.992647	
16.4967 0.986928	0.986786	
16.5058 0.995542	0.995375	
16.5149 0.995061	0.994867	
16.524 0.991349	0.99111	
16.5331 0.997727	0.997473	
16.5422 0.99386	0.993573	
16.5513 0.996065	0.995755	
16.5604 0.995609	0.995275	
16.5695 0.995041	0.994679	
16.5786 0.998062	0.997686	
16.5877 0.994274	0.993867	
16.5968 0.995704	0.995271	
16.6058 0.999834	0.999396	
16.6149 0.995378	0.994915	
16.624 0.994284	0.993788	
16.6331 1.00128	1.00079	
16.6422 0.99656	0.996046	
16.6513 0.999931	0.999412	
16.6604 0.994392	0.993843	
16.6695 0.992843	0.992252	
16.6786 1.00035	0.999756	
16.6877 0.997798	0.997188	
16.6968 0.994906	0.994266	
16.7059 1.00071	1.00007	
16.7149 0.995374	0.994705	
16.724 0.999661	0.998983	
16.7331 0.992107	0.991387	
16.7422 0.991383	0.990612	
16.7513 0.998045	0.997254	
16.7604 0.99126	0.990421	
16.7695 0.995928	0.995057	
16.7786 0.997191	0.996298	
16.7877 0.997803	0.996892	
16.7968 0.993281	0.992331	
16.8059 0.999104	0.998138	
16.815 0.998648	0.997669	
16.824 1.00411	1.00314	
16.8331 0.997917	0.996939	
16.8422 1.00052	0.999541	
16.8513 0.993917	0.9929	
16.8604 0.999947	0.998917	
16.8695 1.00736	1.00636	
16.8786 0.996224	0.995208	
16.8877 1.00271	1.0017	
16.8968 0.997878	0.996852	
16.9059 0.997712	0.996666	
16.915 0.997633	0.996567	
16.9241 0.997913	0.996828	
16.9331 1.00415	1.00308	
16.9422 0.999633	0.998556	
16.9513 0.993816	0.992702	
16.9604 0.997151	0.99601	
16.9695 1.00327	1.00213	
16.9786 0.998981	0.997838	
16.9877 1.00154	1.00039	
16.9968 0.998477	0.997321	
17.0059 0.996949	0.995769	
17.015 0.992509	0.991282	
17.0241 1.0013	1.00006	
17.0332 0.999924	0.99868	
17.0422 1.00053	0.999284	
17.0513 0.999557	0.998299	
17.0604 1.00031	0.999048	
17.0695 1.00409	1.00284	
17.0786 0.997639	0.996373	
17.0877 1.00235	1.00108	
17.0968 0.999596	0.998324	
17.1059 0.997969	0.996679	
17.115 1.00383	1.00255	
17.1241 1.00808	1.00684	
17.1332 1.00603	1.00482	
17.1423 0.994317	0.993076	
17.1513 1.00284	1.0016	
17.1604 0.997048	0.995787	
17.1695 1.00292	1.00167	
17.1786 1.00025	0.998985	
17.1877 1.00649	1.00525	
17.1968 1.00468	1.00347	
17.2059 1.00057	0.999356	
17.215 1.00825	1.00707	
17.2241 0.999876	0.998703	
17.2332 0.999846	0.998665	
17.2423 1.00576	1.0046	
17.2514 1.0061	1.00497	
17.2604 1.00489	1.00379	
17.2695 1.00248	1.00139	
17.2786 0.99885	0.99775	
17.2877 0.993131	0.991986	
17.2968 0.999387	0.998223	
17.3059 1.00654	1.00541	
17.315 1.00451	1.00339	
17.3241 1.00244	1.00134	
17.3332 1.0009	0.999797	
17.3423 1.00202	1.00093	
17.3514 1.00399	1.00291	
17.3605 1.00505	1.00399	
17.3695 1.00089	0.999836	
17.3786 1.00364	1.00261	
17.3877 1.00134	1.00031	
17.3968 1.0062	1.0052	
17.4059 1.00775	1.00679	
17.415 1.00355	1.00262	
17.4241 1.0066	1.0057	
17.4332 0.99842	0.997511	
17.4423 1.00857	1.0077	
17.4514 1.00721	1.00639	
17.4605 1.00471	1.00391	
17.4696 1.00215	1.00137	
17.4786 1.00457	1.00381	
17.4877 1.00623	1.00551	
17.4968 1.00441	1.00372	
17.5059 1	0.99931	
17.515 1.00014	0.999438	
17.5241 0.996289	0.995562	
17.5332 0.998722	0.99798	
17.5423 1.01056	1.00988	
17.5514 1.01101	1.0104	
17.5605 1.00256	1.00197	
17.5696 1.0002	0.999613	
17.5787 1.00036	0.999768	
17.5877 1.00799	1.00744	
17.5968 1.00403	1.00352	
17.6059 1.00066	1.00015	
17.615 1.00089	1.00037	
17.6241 1.00975	1.0093	
17.6332 0.99873	0.998272	
17.6423 1.00364	1.0032	
17.6514 1.00208	1.00165	
17.6605 1.00914	1.00877	
17.6696 1.00105	1.00069	
17.6787 1.00475	1.00443	
17.6878 1.00535	1.00506	
17.6968 1.01375	1.01356	
17.7059 0.998079	0.997873	
17.715 0.997225	0.996999	
17.7241 1.00059	1.00036	
17.7332 0.998908	0.998674	
17.7423 1.00488	1.00467	
17.7514 1.01316	1.01306	
17.7605 0.999295	0.999184	
17.7696 1.0061	1.00603	
17.7787 1.00989	1.0099	
17.7878 1.00552	1.00556	
17.7969 0.998044	0.998076	
17.8059 1.00009	1.00012	
17.815 1.01454	1.01468	
17.8241 1.00364	1.00381	
17.8332 1.00885	1.00909	
17.8423 1.00113	1.00137	
17.8514 1.00888	1.0092	
17.8605 1.00596	1.00632	
17.8696 0.996371	0.996708	
17.8787 1.00698	1.00738	
17.8878 0.998641	0.999027	
17.8969 1.00455	1.00498	
17.906 0.997734	0.998143	
17.915 1.00543	1.00589	
17.9241 0.998598	0.999043	
17.9332 1.00176	1.00222	
17.9423 1.0085	1.00903	
17.9514 0.998896	0.999422	
17.9605 1.00257	1.00312	
17.9696 0.995532	0.996051	
17.9787 1.00755	1.00813	
17.9878 1.00321	1.00382	
17.9969 1.00454	1.00519	
18.006 1.00154	1.00221	
18.0151 1.00622	1.00694	
18.0241 1.00959	1.01039	
18.0332 1.00714	1.008	
18.0423 1.00266	1.00355	
18.0514 0.994881	0.995732	
18.0605 0.994915	0.995733	
18.0696 1.00538	1.00625	
18.0787 1.00311	1.00402	
18.0878 0.992055	0.992896	
18.0969 1.00588	1.00679	
18.106 1.00452	1.00547	
18.1151 0.998445	0.99938	
18.1241 1.00039	1.00134	
18.1332 0.994428	0.995334	
18.1423 1.00044	1.00136	
18.1514 0.995664	0.996555	
18.1605 1.0017	1.00262	
18.1696 1.01288	1.01391	
18.1787 1.0002	1.00123	
