# Time-averaged data for fix f5
# TimeStep Number-of-rows
# Row c_rdf[1] c_rdf[2] c_rdf[3]
100000 2000
1 0.00375 0 0
2 0.01125 0 0
3 0.01875 0 0
4 0.02625 0 0
5 0.03375 0 0
6 0.04125 0 0
7 0.04875 0 0
8 0.05625 0 0
9 0.06375 0 0
10 0.07125 0 0
11 0.07875 0 0
12 0.08625 0 0
13 0.09375 0 0
14 0.10125 0 0
15 0.10875 0 0
16 0.11625 0 0
17 0.12375 0 0
18 0.13125 0 0
19 0.13875 0 0
20 0.14625 0 0
21 0.15375 0 0
22 0.16125 0 0
23 0.16875 0 0
24 0.17625 0 0
25 0.18375 0 0
26 0.19125 0 0
27 0.19875 0 0
28 0.20625 0 0
29 0.21375 0 0
30 0.22125 0 0
31 0.22875 0 0
32 0.23625 0 0
33 0.24375 0 0
34 0.25125 0 0
35 0.25875 0 0
36 0.26625 0 0
37 0.27375 0 0
38 0.28125 0 0
39 0.28875 0 0
40 0.29625 0 0
41 0.30375 0 0
42 0.31125 0 0
43 0.31875 0 0
44 0.32625 0 0
45 0.33375 0 0
46 0.34125 0 0
47 0.34875 0 0
48 0.35625 0 0
49 0.36375 0 0
50 0.37125 0 0
51 0.37875 0 0
52 0.38625 0 0
53 0.39375 0 0
54 0.40125 0 0
55 0.40875 0 0
56 0.41625 0 0
57 0.42375 0 0
58 0.43125 0 0
59 0.43875 0 0
60 0.44625 0 0
61 0.45375 0 0
62 0.46125 0 0
63 0.46875 0 0
64 0.47625 0 0
65 0.48375 0 0
66 0.49125 0 0
67 0.49875 0 0
68 0.50625 0 0
69 0.51375 0 0
70 0.52125 0 0
71 0.52875 0 0
72 0.53625 0 0
73 0.54375 0 0
74 0.55125 0 0
75 0.55875 0 0
76 0.56625 0 0
77 0.57375 0 0
78 0.58125 0 0
79 0.58875 0 0
80 0.59625 0 0
81 0.60375 0 0
82 0.61125 0 0
83 0.61875 0 0
84 0.62625 0 0
85 0.63375 0 0
86 0.64125 0 0
87 0.64875 0 0
88 0.65625 0 0
89 0.66375 0 0
90 0.67125 0 0
91 0.67875 0 0
92 0.68625 0 0
93 0.69375 0 0
94 0.70125 0 0
95 0.70875 0 0
96 0.71625 0 0
97 0.72375 0 0
98 0.73125 0 0
99 0.73875 0 0
100 0.74625 0 0
101 0.75375 0 0
102 0.76125 0 0
103 0.76875 0 0
104 0.77625 0 0
105 0.78375 0 0
106 0.79125 0 0
107 0.79875 0 0
108 0.80625 0 0
109 0.81375 0 0
110 0.82125 0 0
111 0.82875 0 0
112 0.83625 0 0
113 0.84375 0 0
114 0.85125 0 0
115 0.85875 0 0
116 0.86625 0 0
117 0.87375 0 0
118 0.88125 0 0
119 0.88875 0 0
120 0.89625 0 0
121 0.90375 0 0
122 0.91125 0 0
123 0.91875 0 0
124 0.92625 0 0
125 0.93375 0 0
126 0.94125 0 0
127 0.94875 0 0
128 0.95625 0 0
129 0.96375 0 0
130 0.97125 0 0
131 0.97875 0 0
132 0.98625 0 0
133 0.99375 0 0
134 1.00125 0 0
135 1.00875 0 0
136 1.01625 0 0
137 1.02375 0 0
138 1.03125 0 0
139 1.03875 0 0
140 1.04625 0 0
141 1.05375 0 0
142 1.06125 0 0
143 1.06875 0 0
144 1.07625 0 0
145 1.08375 0 0
146 1.09125 0 0
147 1.09875 0 0
148 1.10625 0 0
149 1.11375 0 0
150 1.12125 0 0
151 1.12875 0 0
152 1.13625 0 0
153 1.14375 0 0
154 1.15125 0 0
155 1.15875 0 0
156 1.16625 0 0
157 1.17375 0 0
158 1.18125 0 0
159 1.18875 0 0
160 1.19625 0 0
161 1.20375 0 0
162 1.21125 0 0
163 1.21875 0 0
164 1.22625 0 0
165 1.23375 0 0
166 1.24125 0 0
167 1.24875 0 0
168 1.25625 0 0
169 1.26375 0 0
170 1.27125 0 0
171 1.27875 0 0
172 1.28625 0 0
173 1.29375 0 0
174 1.30125 0 0
175 1.30875 0 0
176 1.31625 0 0
177 1.32375 0 0
178 1.33125 0 0
179 1.33875 0 0
180 1.34625 0 0
181 1.35375 0 0
182 1.36125 0 0
183 1.36875 0 0
184 1.37625 0 0
185 1.38375 0 0
186 1.39125 0 0
187 1.39875 0 0
188 1.40625 0 0
189 1.41375 0 0
190 1.42125 0 0
191 1.42875 0 0
192 1.43625 0 0
193 1.44375 0 0
194 1.45125 0 0
195 1.45875 0 0
196 1.46625 0 0
197 1.47375 0 0
198 1.48125 0 0
199 1.48875 0 0
200 1.49625 0 0
201 1.50375 0 0
202 1.51125 0 0
203 1.51875 0 0
204 1.52625 0 0
205 1.53375 0 0
206 1.54125 0 0
207 1.54875 0 0
208 1.55625 0 0
209 1.56375 0 0
210 1.57125 0 0
211 1.57875 0 0
212 1.58625 0 0
213 1.59375 0 0
214 1.60125 0 0
215 1.60875 0 0
216 1.61625 0 0
217 1.62375 0 0
218 1.63125 0 0
219 1.63875 0 0
220 1.64625 0 0
221 1.65375 0 0
222 1.66125 0 0
223 1.66875 0 0
224 1.67625 0 0
225 1.68375 0 0
226 1.69125 0 0
227 1.69875 0 0
228 1.70625 0 0
229 1.71375 0 0
230 1.72125 0 0
231 1.72875 0 0
232 1.73625 0 0
233 1.74375 0 0
234 1.75125 0 0
235 1.75875 0 0
236 1.76625 0 0
237 1.77375 0 0
238 1.78125 0 0
239 1.78875 0 0
240 1.79625 0 0
241 1.80375 0 0
242 1.81125 0 0
243 1.81875 0 0
244 1.82625 0 0
245 1.83375 0 0
246 1.84125 0 0
247 1.84875 0 0
248 1.85625 0 0
249 1.86375 0 0
250 1.87125 0 0
251 1.87875 0 0
252 1.88625 0 0
253 1.89375 0 0
254 1.90125 0 0
255 1.90875 0 0
256 1.91625 0 0
257 1.92375 0 0
258 1.93125 0 0
259 1.93875 0 0
260 1.94625 0 0
261 1.95375 0 0
262 1.96125 0 0
263 1.96875 0 0
264 1.97625 0 0
265 1.98375 0 0
266 1.99125 0 0
267 1.99875 0 0
268 2.00625 0 0
269 2.01375 0 0
270 2.02125 0 0
271 2.02875 0 0
272 2.03625 0 0
273 2.04375 0 0
274 2.05125 0 0
275 2.05875 0 0
276 2.06625 0 0
277 2.07375 0 0
278 2.08125 0 0
279 2.08875 0 0
280 2.09625 0 0
281 2.10375 0 0
282 2.11125 0 0
283 2.11875 0 0
284 2.12625 0 0
285 2.13375 0 0
286 2.14125 0 0
287 2.14875 0 0
288 2.15625 0 0
289 2.16375 0 0
290 2.17125 0 0
291 2.17875 0 0
292 2.18625 0 0
293 2.19375 0 0
294 2.20125 0 0
295 2.20875 0 0
296 2.21625 0 0
297 2.22375 0 0
298 2.23125 0 0
299 2.23875 0 0
300 2.24625 0 0
301 2.25375 0 0
302 2.26125 0 0
303 2.26875 0 0
304 2.27625 0 0
305 2.28375 0 0
306 2.29125 0 0
307 2.29875 0 0
308 2.30625 0 0
309 2.31375 0 0
310 2.32125 0 0
311 2.32875 0 0
312 2.33625 0 0
313 2.34375 0 0
314 2.35125 0 0
315 2.35875 0 0
316 2.36625 0 0
317 2.37375 0 0
318 2.38125 0 0
319 2.38875 0 0
320 2.39625 0 0
321 2.40375 0 0
322 2.41125 0 0
323 2.41875 0 0
324 2.42625 0 0
325 2.43375 0 0
326 2.44125 0 0
327 2.44875 0 0
328 2.45625 0 0
329 2.46375 0 0
330 2.47125 0 0
331 2.47875 0 0
332 2.48625 0 0
333 2.49375 0 0
334 2.50125 0 0
335 2.50875 0 0
336 2.51625 0 0
337 2.52375 0 0
338 2.53125 0 0
339 2.53875 0 0
340 2.54625 0 0
341 2.55375 0 0
342 2.56125 0.000210244 3.90625e-06
343 2.56875 0 3.90625e-06
344 2.57625 0.000415605 1.17188e-05
345 2.58375 0.00103299 3.125e-05
346 2.59125 0.000205404 3.51562e-05
347 2.59875 0.000612659 4.6875e-05
348 2.60625 0.00121828 7.03125e-05
349 2.61375 0.00080753 8.59375e-05
350 2.62125 0.00341239 0.000152344
351 2.62875 0.00479004 0.000246094
352 2.63625 0.00555663 0.000355469
353 2.64375 0.00532782 0.000460937
354 2.65125 0.00863333 0.000632813
355 2.65875 0.0103406 0.000839844
356 2.66625 0.0133867 0.00110937
357 2.67375 0.0179419 0.00147266
358 2.68125 0.0220623 0.00192187
359 2.68875 0.028235 0.0025
360 2.69625 0.0364257 0.00325
361 2.70375 0.0449025 0.00417969
362 2.71125 0.0525346 0.00527344
363 2.71875 0.0625076 0.00658203
364 2.72625 0.0807207 0.00828125
365 2.73375 0.0933813 0.0102578
366 2.74125 0.104985 0.0124922
367 2.74875 0.121389 0.0150898
368 2.75625 0.142333 0.0181523
369 2.76375 0.164674 0.0217148
370 2.77125 0.204191 0.0261562
371 2.77875 0.209699 0.0307422
372 2.78625 0.2489 0.0362148
373 2.79375 0.277429 0.0423477
374 2.80125 0.308988 0.0492148
375 2.80875 0.365032 0.0573711
376 2.81625 0.382915 0.0659727
377 2.82375 0.440039 0.0759102
378 2.83125 0.481758 0.0868477
379 2.83875 0.539802 0.099168
380 2.84625 0.571861 0.112289
381 2.85375 0.63169 0.126859
382 2.86125 0.671847 0.142437
383 2.86875 0.738726 0.159656
384 2.87625 0.805065 0.17852
385 2.88375 0.841681 0.198344
386 2.89125 0.892262 0.219469
387 2.89875 0.969391 0.242539
388 2.90625 1.00538 0.26659
389 2.91375 1.06454 0.292187
390 2.92125 1.09739 0.318711
391 2.92875 1.18037 0.347387
392 2.93625 1.26041 0.378164
393 2.94375 1.31639 0.410473
394 2.95125 1.36291 0.444094
395 2.95875 1.40863 0.47902
396 2.96625 1.45779 0.515348
397 2.97375 1.51626 0.553324
398 2.98125 1.56745 0.592781
399 2.98875 1.64776 0.634469
400 2.99625 1.67363 0.677023
401 3.00375 1.72382 0.721074
402 3.01125 1.80103 0.767328
403 3.01875 1.85112 0.815105
404 3.02625 1.85897 0.863324
405 3.03375 1.91828 0.913328
406 3.04125 1.95699 0.964594
407 3.04875 1.991 1.01701
408 3.05625 2.05861 1.07147
409 3.06375 2.06956 1.12649
410 3.07125 2.12043 1.18314
411 3.07875 2.13558 1.24047
412 3.08625 2.16387 1.29884
413 3.09375 2.2119 1.3588
414 3.10125 2.21469 1.41913
415 3.10875 2.27452 1.48139
416 3.11625 2.25478 1.54341
417 3.12375 2.3111 1.60728
418 3.13125 2.33549 1.67213
419 3.13875 2.33036 1.73716
420 3.14625 2.31425 1.80204
421 3.15375 2.3547 1.86837
422 3.16125 2.4004 1.93631
423 3.16875 2.37889 2.00396
424 3.17625 2.38161 2.07202
425 3.18375 2.42524 2.14164
426 3.19125 2.40979 2.21115
427 3.19875 2.36696 2.27974
428 3.20625 2.39011 2.34933
429 3.21375 2.39593 2.41942
430 3.22125 2.3994 2.48993
431 3.22875 2.40203 2.56086
432 3.23625 2.42199 2.6327
433 3.24375 2.36505 2.70318
434 3.25125 2.36224 2.7739
435 3.25875 2.37502 2.84534
436 3.26625 2.3468 2.91625
437 3.27375 2.36708 2.9881
438 3.28125 2.3409 3.05948
439 3.28875 2.344 3.13129
440 3.29625 2.32383 3.2028
441 3.30375 2.29952 3.27388
442 3.31125 2.29314 3.34509
443 3.31875 2.27477 3.41605
444 3.32625 2.28883 3.48778
445 3.33375 2.25794 3.55885
446 3.34125 2.23028 3.62937
447 3.34875 2.26838 3.70142
448 3.35625 2.2083 3.77187
449 3.36375 2.21553 3.84287
450 3.37125 2.20738 3.91393
451 3.37875 2.18213 3.98448
452 3.38625 2.1412 4.05402
453 3.39375 2.11175 4.12291
454 3.40125 2.12808 4.19263
455 3.40875 2.08466 4.26124
456 3.41625 2.06335 4.32944
457 3.42375 2.04832 4.39745
458 3.43125 2.05038 4.46582
459 3.43875 2.0236 4.53359
460 3.44625 2.04326 4.60232
461 3.45375 1.98155 4.66927
462 3.46125 1.96607 4.73598
463 3.46875 1.91596 4.80127
464 3.47625 1.92814 4.86726
465 3.48375 1.90859 4.93287
466 3.49125 1.90063 4.99848
467 3.49875 1.87018 5.06332
468 3.50625 1.85198 5.1278
469 3.51375 1.82006 5.19145
470 3.52125 1.82455 5.25552
471 3.52875 1.8044 5.31916
472 3.53625 1.80326 5.38303
473 3.54375 1.75764 5.44554
474 3.55125 1.72463 5.50714
475 3.55875 1.73861 5.56951
476 3.56625 1.71449 5.63127
477 3.57375 1.70957 5.69311
478 3.58125 1.70521 5.75505
479 3.58875 1.65247 5.81532
480 3.59625 1.64879 5.87572
481 3.60375 1.62239 5.93539
482 3.61125 1.59789 5.99441
483 3.61875 1.60233 6.05384
484 3.62625 1.59089 6.11309
485 3.63375 1.5437 6.17082
486 3.64125 1.55773 6.22932
487 3.64875 1.54481 6.28757
488 3.65625 1.53208 6.34558
489 3.66375 1.51307 6.4031
490 3.67125 1.51048 6.46076
491 3.67875 1.46529 6.51693
492 3.68625 1.44249 6.57244
493 3.69375 1.45493 6.62866
494 3.70125 1.44522 6.68474
495 3.70875 1.42123 6.74011
496 3.71625 1.39812 6.79479
497 3.72375 1.38315 6.84911
498 3.73125 1.35689 6.90262
499 3.73875 1.36309 6.95658
500 3.74625 1.35037 7.01026
501 3.75375 1.35036 7.06415
502 3.76125 1.3207 7.11707
503 3.76875 1.32079 7.1702
504 3.77625 1.29428 7.22247
505 3.78375 1.29358 7.27493
506 3.79125 1.26429 7.32639
507 3.79875 1.25863 7.37784
508 3.80625 1.23283 7.42842
509 3.81375 1.23178 7.47916
510 3.82125 1.23384 7.53019
511 3.82875 1.2245 7.58103
512 3.83625 1.19591 7.63088
513 3.84375 1.17463 7.68003
514 3.85125 1.16597 7.72901
515 3.85875 1.18237 7.77888
516 3.86625 1.14974 7.82755
517 3.87375 1.1543 7.87661
518 3.88125 1.12979 7.92481
519 3.88875 1.10647 7.9722
520 3.89625 1.13537 8.02102
521 3.90375 1.10558 8.06874
522 3.91125 1.10613 8.11666
523 3.91875 1.08735 8.16396
524 3.92625 1.08105 8.21116
525 3.93375 1.06552 8.25786
526 3.94125 1.06458 8.30469
527 3.94875 1.05364 8.35122
528 3.95625 1.04013 8.39733
529 3.96375 1.03462 8.44337
530 3.97125 1.0343 8.48957
531 3.97875 1.0284 8.53568
532 3.98625 0.995546 8.58048
533 3.99375 0.994059 8.62539
534 4.00125 0.993609 8.67045
535 4.00875 0.98732 8.71538
536 4.01625 0.967818 8.7596
537 4.02375 0.975117 8.80431
538 4.03125 0.970219 8.84897
539 4.03875 0.962983 8.89346
540 4.04625 0.950908 8.93755
541 4.05375 0.952513 8.98188
542 4.06125 0.937709 9.02569
543 4.06875 0.920092 9.06883
544 4.07625 0.927002 9.11245
545 4.08375 0.919962 9.15591
546 4.09125 0.916345 9.19935
547 4.09875 0.904046 9.24236
548 4.10625 0.898865 9.28529
549 4.11375 0.885648 9.32774
550 4.12125 0.89883 9.37098
551 4.12875 0.862395 9.41261
552 4.13625 0.886357 9.45556
553 4.14375 0.882107 9.49846
554 4.15125 0.867558 9.5408
555 4.15875 0.864272 9.58314
556 4.16625 0.840504 9.62446
557 4.17375 0.83432 9.66563
558 4.18125 0.833932 9.70692
559 4.18875 0.828905 9.74811
560 4.19625 0.833699 9.78969
561 4.20375 0.833692 9.83141
562 4.21125 0.805684 9.87188
563 4.21875 0.804914 9.91246
564 4.22625 0.821828 9.95403
565 4.23375 0.810839 9.9952
566 4.24125 0.814568 10.0367
567 4.24875 0.807187 10.078
568 4.25625 0.808532 10.1194
569 4.26375 0.794614 10.1604
570 4.27125 0.796589 10.2015
571 4.27875 0.782272 10.2421
572 4.28625 0.785318 10.2829
573 4.29375 0.771729 10.3232
574 4.30125 0.770606 10.3636
575 4.30875 0.768371 10.404
576 4.31625 0.775993 10.445
577 4.32375 0.760246 10.4852
578 4.33125 0.763644 10.5258
579 4.33875 0.765841 10.5666
580 4.34625 0.75882 10.6072
581 4.35375 0.735107 10.6467
582 4.36125 0.747881 10.687
583 4.36875 0.750662 10.7276
584 4.37625 0.753925 10.7685
585 4.38375 0.754433 10.8095
586 4.39125 0.733334 10.8496
587 4.39875 0.720785 10.8891
588 4.40625 0.735737 10.9295
589 4.41375 0.73239 10.9699
590 4.42125 0.726097 11.0101
591 4.42875 0.723569 11.0503
592 4.43625 0.730726 11.0911
593 4.44375 0.720648 11.1314
594 4.45125 0.725183 11.1721
595 4.45875 0.722676 11.2128
596 4.46625 0.724883 11.2537
597 4.47375 0.732722 11.2952
598 4.48125 0.715849 11.336
599 4.48875 0.721194 11.3771
600 4.49625 0.709239 11.4177
601 4.50375 0.690356 11.4574
602 4.51125 0.708325 11.4982
603 4.51875 0.704152 11.5389
604 4.52625 0.704446 11.5798
605 4.53375 0.715805 11.6215
606 4.54125 0.708093 11.6628
607 4.54875 0.700361 11.7039
608 4.55625 0.713204 11.7458
609 4.56375 0.694241 11.7868
610 4.57125 0.694803 11.8279
611 4.57875 0.696871 11.8693
612 4.58625 0.689217 11.9103
613 4.59375 0.69187 11.9517
614 4.60125 0.692938 11.9932
615 4.60875 0.702048 12.0355
616 4.61625 0.688572 12.077
617 4.62375 0.688533 12.1187
618 4.63125 0.687334 12.1605
619 4.63875 0.691779 12.2026
620 4.64625 0.686417 12.2446
621 4.65375 0.689492 12.2869
622 4.66125 0.688544 12.3293
623 4.66875 0.695192 12.3722
624 4.67625 0.680981 12.4144
625 4.68375 0.682322 12.4567
626 4.69125 0.688728 12.4997
627 4.69875 0.68397 12.5424
628 4.70625 0.685216 12.5854
629 4.71375 0.682541 12.6284
630 4.72125 0.680745 12.6714
631 4.72875 0.689752 12.715
632 4.73625 0.680437 12.7583
633 4.74375 0.678226 12.8015
634 4.75125 0.693193 12.8458
635 4.75875 0.682118 12.8896
636 4.76625 0.700129 12.9346
637 4.77375 0.686734 12.9789
638 4.78125 0.695019 13.0239
639 4.78875 0.692784 13.0689
640 4.79625 0.687981 13.1138
641 4.80375 0.692827 13.159
642 4.81125 0.698354 13.2048
643 4.81875 0.683234 13.2498
644 4.82625 0.701007 13.296
645 4.83375 0.69541 13.342
646 4.84125 0.694316 13.3881
647 4.84875 0.693109 13.4343
648 4.85625 0.695765 13.4807
649 4.86375 0.699684 13.5276
650 4.87125 0.708226 13.5752
651 4.87875 0.699618 13.6224
652 4.88625 0.708043 13.6703
653 4.89375 0.702362 13.7179
654 4.90125 0.694415 13.7652
655 4.90875 0.701339 13.813
656 4.91625 0.69726 13.8607
657 4.92375 0.694626 13.9084
658 4.93125 0.704822 13.957
659 4.93875 0.714953 14.0064
660 4.94625 0.714478 14.0559
661 4.95375 0.708494 14.1051
662 4.96125 0.705065 14.1543
663 4.96875 0.719809 14.2046
664 4.97625 0.723378 14.2553
665 4.98375 0.720091 14.306
666 4.99125 0.732932 14.3577
667 4.99875 0.720468 14.4087
668 5.00625 0.716495 14.4596
669 5.01375 0.722528 14.511
670 5.02125 0.723161 14.5626
671 5.02875 0.734913 14.6153
672 5.03625 0.737184 14.6682
673 5.04375 0.740144 14.7216
674 5.05125 0.746542 14.7755
675 5.05875 0.744115 14.8294
676 5.06625 0.738851 14.8832
677 5.07375 0.757723 14.9384
678 5.08125 0.751214 14.9933
679 5.08875 0.751665 15.0485
680 5.09625 0.75503 15.104
681 5.10375 0.767108 15.1606
682 5.11125 0.753403 15.2163
683 5.11875 0.762935 15.273
684 5.12625 0.770414 15.3303
685 5.13375 0.762931 15.3873
686 5.14125 0.768742 15.4448
687 5.14875 0.790541 15.5042
688 5.15625 0.776156 15.5626
689 5.16375 0.781454 15.6216
690 5.17125 0.78378 15.681
691 5.17875 0.79735 15.7416
692 5.18625 0.791713 15.8019
693 5.19375 0.794592 15.8626
694 5.20125 0.801733 15.924
695 5.20875 0.790479 15.9847
696 5.21625 0.797839 16.0462
697 5.22375 0.814452 16.1092
698 5.23125 0.807583 16.1718
699 5.23875 0.816429 16.2352
700 5.24625 0.818255 16.299
701 5.25375 0.829662 16.3639
702 5.26125 0.824358 16.4285
703 5.26875 0.822808 16.4932
704 5.27625 0.841229 16.5595
705 5.28375 0.844178 16.6263
706 5.29125 0.836269 16.6926
707 5.29875 0.855714 16.7606
708 5.30625 0.852121 16.8286
709 5.31375 0.84747 16.8964
710 5.32125 0.851999 16.9647
711 5.32875 0.8565 17.0336
712 5.33625 0.867462 17.1035
713 5.34375 0.863338 17.1734
714 5.35125 0.861739 17.2432
715 5.35875 0.88877 17.3155
716 5.36625 0.879678 17.3873
717 5.37375 0.880472 17.4593
718 5.38125 0.890926 17.5324
719 5.38875 0.886216 17.6052
720 5.39625 0.88868 17.6785
721 5.40375 0.901187 17.7531
722 5.41125 0.90618 17.8282
723 5.41875 0.911048 17.904
724 5.42625 0.909046 17.9798
725 5.43375 0.920085 18.0567
726 5.44125 0.908606 18.1329
727 5.44875 0.925525 18.2108
728 5.45625 0.935676 18.2896
729 5.46375 0.927934 18.3681
730 5.47125 0.940735 18.4479
731 5.47875 0.92695 18.5267
732 5.48625 0.926937 18.6057
733 5.49375 0.952192 18.6871
734 5.50125 0.958256 18.7692
735 5.50875 0.948059 18.8507
736 5.51625 0.962978 18.9337
737 5.52375 0.95372 19.0161
738 5.53125 0.965381 19.0998
739 5.53875 0.976345 19.1846
740 5.54625 0.969716 19.2691
741 5.55375 0.987399 19.3553
742 5.56125 0.979476 19.4411
743 5.56875 0.985334 19.5277
744 5.57625 0.983484 19.6143
745 5.58375 0.99637 19.7023
746 5.59125 1.00213 19.791
747 5.59875 1.00028 19.8798
748 5.60625 0.999096 19.9687
749 5.61375 1.01477 20.0593
750 5.62125 1.00516 20.1493
751 5.62875 1.01137 20.24
752 5.63625 1.01367 20.3312
753 5.64375 1.01349 20.4227
754 5.65125 1.03801 20.5166
755 5.65875 1.02871 20.6099
756 5.66625 1.04755 20.7051
757 5.67375 1.03887 20.7998
758 5.68125 1.03861 20.8948
759 5.68875 1.0447 20.9905
760 5.69625 1.0561 21.0876
761 5.70375 1.04095 21.1835
762 5.71125 1.06126 21.2815
763 5.71875 1.0718 21.3808
764 5.72625 1.07707 21.4808
765 5.73375 1.06893 21.5804
766 5.74125 1.08053 21.6812
767 5.74875 1.08047 21.7824
768 5.75625 1.08798 21.8845
769 5.76375 1.08303 21.9864
770 5.77125 1.09529 22.0897
771 5.77875 1.10393 22.1941
772 5.78625 1.08739 22.2972
773 5.79375 1.10139 22.4019
774 5.80125 1.10993 22.5077
775 5.80875 1.09546 22.6124
776 5.81625 1.11192 22.719
777 5.82375 1.12219 22.8268
778 5.83125 1.12685 22.9353
779 5.83875 1.12267 23.0437
780 5.84625 1.12285 23.1524
781 5.85375 1.11595 23.2607
782 5.86125 1.13494 23.3711
783 5.86875 1.13252 23.4816
784 5.87625 1.12632 23.5917
785 5.88375 1.13647 23.7032
786 5.89125 1.14308 23.8155
787 5.89875 1.15924 23.9298
788 5.90625 1.13669 24.0421
789 5.91375 1.14016 24.155
790 5.92125 1.15332 24.2695
791 5.92875 1.15641 24.3847
792 5.93625 1.15587 24.5
793 5.94375 1.15542 24.6156
794 5.95125 1.1492 24.7309
795 5.95875 1.16821 24.8484
796 5.96625 1.15129 24.9645
797 5.97375 1.18288 25.084
798 5.98125 1.16507 25.2021
799 5.98875 1.17692 25.3216
800 5.99625 1.18698 25.4425
801 6.00375 1.18827 25.5638
802 6.01125 1.17004 25.6836
803 6.01875 1.18372 25.805
804 6.02625 1.17876 25.9262
805 6.03375 1.18216 26.0481
806 6.04125 1.17757 26.1699
807 6.04875 1.18682 26.2928
808 6.05625 1.18904 26.4164
809 6.06375 1.19157 26.5405
810 6.07125 1.19331 26.665
811 6.07875 1.18443 26.789
812 6.08625 1.19652 26.9145
813 6.09375 1.19985 27.0407
814 6.10125 1.19261 27.1665
815 6.10875 1.19186 27.2924
816 6.11625 1.20203 27.4198
817 6.12375 1.19787 27.547
818 6.13125 1.2003 27.6748
819 6.13875 1.20491 27.8034
820 6.14625 1.20737 27.9326
821 6.15375 1.19893 28.0612
822 6.16125 1.20252 28.1905
823 6.16875 1.19521 28.3193
824 6.17625 1.20558 28.4495
825 6.18375 1.20504 28.58
826 6.19125 1.19427 28.7097
827 6.19875 1.19515 28.8398
828 6.20625 1.21612 28.9724
829 6.21375 1.19968 29.1036
830 6.22125 1.20719 29.2359
831 6.22875 1.20059 29.3679
832 6.23625 1.20856 29.501
833 6.24375 1.20215 29.6337
834 6.25125 1.21268 29.7679
835 6.25875 1.21052 29.9022
836 6.26625 1.20502 30.0363
837 6.27375 1.2019 30.1702
838 6.28125 1.20438 30.3048
839 6.28875 1.19401 30.4386
840 6.29625 1.19071 30.5723
841 6.30375 1.19583 30.7068
842 6.31125 1.20431 30.8427
843 6.31875 1.20308 30.9788
844 6.32625 1.20036 31.1148
845 6.33375 1.19353 31.2504
846 6.34125 1.19771 31.3868
847 6.34875 1.18622 31.5223
848 6.35625 1.19708 31.6592
849 6.36375 1.19195 31.7959
850 6.37125 1.19346 31.9332
851 6.37875 1.18591 32.0698
852 6.38625 1.1838 32.2066
853 6.39375 1.17252 32.3423
854 6.40125 1.18331 32.4797
855 6.40875 1.17812 32.6167
856 6.41625 1.1888 32.7553
857 6.42375 1.17015 32.8921
858 6.43125 1.17919 33.0302
859 6.43875 1.1692 33.1675
860 6.44625 1.17424 33.3057
861 6.45375 1.16652 33.4433
862 6.46125 1.16166 33.5807
863 6.46875 1.15946 33.7181
864 6.47625 1.16099 33.856
865 6.48375 1.15584 33.9936
866 6.49125 1.15527 34.1315
867 6.49875 1.15581 34.2697
868 6.50625 1.158 34.4086
869 6.51375 1.14769 34.5465
870 6.52125 1.14178 34.684
871 6.52875 1.15087 34.8229
872 6.53625 1.14403 34.9614
873 6.54375 1.14676 35.1005
874 6.55125 1.15079 35.2403
875 6.55875 1.13857 35.3791
876 6.56625 1.13383 35.5175
877 6.57375 1.12709 35.6555
878 6.58125 1.13602 35.7948
879 6.58875 1.12356 35.933
880 6.59625 1.13279 36.0726
881 6.60375 1.11846 36.2107
882 6.61125 1.11763 36.3491
883 6.61875 1.13225 36.4896
884 6.62625 1.11175 36.6278
885 6.63375 1.10887 36.766
886 6.64125 1.10808 36.9044
887 6.64875 1.09719 37.0418
888 6.65625 1.1138 37.1816
889 6.66375 1.09751 37.3196
890 6.67125 1.10589 37.459
891 6.67875 1.10071 37.5981
892 6.68625 1.09954 37.7373
893 6.69375 1.09339 37.876
894 6.70125 1.09008 38.0147
895 6.70875 1.092 38.1539
896 6.71625 1.08641 38.2927
897 6.72375 1.08139 38.4311
898 6.73125 1.07868 38.5696
899 6.73875 1.07543 38.7079
900 6.74625 1.06301 38.8449
901 6.75375 1.06068 38.9819
902 6.76125 1.07254 39.1208
903 6.76875 1.07119 39.2598
904 6.77625 1.06539 39.3984
905 6.78375 1.06675 39.5374
906 6.79125 1.05492 39.6752
907 6.79875 1.06092 39.8141
908 6.80625 1.05123 39.952
909 6.81375 1.05402 40.0906
910 6.82125 1.05485 40.2296
911 6.82875 1.04023 40.367
912 6.83625 1.04276 40.505
913 6.84375 1.03467 40.6423
914 6.85125 1.03923 40.7804
915 6.85875 1.03995 40.919
916 6.86625 1.03071 41.0566
917 6.87375 1.0364 41.1953
918 6.88125 1.03811 41.3345
919 6.88875 1.02957 41.4729
920 6.89625 1.03592 41.6125
921 6.90375 1.01819 41.7499
922 6.91125 1.02603 41.8887
923 6.91875 1.02585 42.0278
924 6.92625 1.01722 42.166
925 6.93375 1.00977 42.3035
926 6.94125 1.00916 42.4412
927 6.94875 1.01144 42.5795
928 6.95625 1.0098 42.7179
929 6.96375 0.995283 42.8546
930 6.97125 0.998308 42.992
931 6.97875 1.00044 43.13
932 6.98625 0.994111 43.2675
933 6.99375 0.985692 43.404
934 7.00125 0.993935 43.542
935 7.00875 0.980635 43.6784
936 7.01625 0.987197 43.8161
937 7.02375 0.981986 43.9533
938 7.03125 0.981231 44.0907
939 7.03875 0.979336 44.2281
940 7.04625 0.989448 44.3672
941 7.05375 0.97986 44.5053
942 7.06125 0.971529 44.6425
943 7.06875 0.972946 44.7802
944 7.07625 0.96623 44.9172
945 7.08375 0.967868 45.0548
946 7.09125 0.957401 45.1911
947 7.09875 0.958719 45.328
948 7.10625 0.969778 45.4667
949 7.11375 0.958741 45.6041
950 7.12125 0.960774 45.7421
951 7.12875 0.957207 45.8799
952 7.13625 0.956794 46.0179
953 7.14375 0.956353 46.1561
954 7.15125 0.948874 46.2935
955 7.15875 0.948071 46.4311
956 7.16625 0.953043 46.5698
957 7.17375 0.954884 46.7089
958 7.18125 0.949841 46.8477
959 7.18875 0.947594 46.9864
960 7.19625 0.951132 47.1259
961 7.20375 0.943519 47.2646
962 7.21125 0.942247 47.4033
963 7.21875 0.937722 47.5417
964 7.22625 0.936384 47.6802
965 7.23375 0.932783 47.8185
966 7.24125 0.929721 47.9565
967 7.24875 0.926066 48.0944
968 7.25625 0.929653 48.233
969 7.26375 0.926558 48.3714
970 7.27125 0.929317 48.5106
971 7.27875 0.93011 48.6502
972 7.28625 0.927365 48.7896
973 7.29375 0.925744 48.9291
974 7.30125 0.920997 49.0682
975 7.30875 0.923549 49.2079
976 7.31625 0.918745 49.3472
977 7.32375 0.921107 49.4871
978 7.33125 0.918145 49.6269
979 7.33875 0.918805 49.767
980 7.34625 0.912585 49.9065
981 7.35375 0.917177 50.047
982 7.36125 0.911924 50.1869
983 7.36875 0.914336 50.3276
984 7.37625 0.916229 50.4687
985 7.38375 0.913483 50.6098
986 7.39125 0.909207 50.7505
987 7.39875 0.914948 50.8923
988 7.40625 0.918225 51.035
989 7.41375 0.903822 51.1757
990 7.42125 0.905101 51.3169
991 7.42875 0.907098 51.4586
992 7.43625 0.910632 51.6013
993 7.44375 0.900335 51.7426
994 7.45125 0.911689 51.8859
995 7.45875 0.906311 52.0287
996 7.46625 0.911741 52.1727
997 7.47375 0.901344 52.3153
998 7.48125 0.89732 52.4575
999 7.48875 0.908213 52.6018
1000 7.49625 0.906176 52.746
1001 7.50375 0.904218 52.8902
1002 7.51125 0.902511 53.0344
1003 7.51875 0.893344 53.1774
1004 7.52625 0.900719 53.3219
1005 7.53375 0.908112 53.4679
1006 7.54125 0.900098 53.6129
1007 7.54875 0.907774 53.7594
1008 7.55625 0.895852 53.9043
1009 7.56375 0.904298 54.0508
1010 7.57125 0.900823 54.1971
1011 7.57875 0.909966 54.3451
1012 7.58625 0.900212 54.4918
1013 7.59375 0.906471 54.6399
1014 7.60125 0.899479 54.7871
1015 7.60875 0.911667 54.9366
1016 7.61625 0.896938 55.0839
1017 7.62375 0.904476 55.2328
1018 7.63125 0.904997 55.3821
1019 7.63875 0.894758 55.53
1020 7.64625 0.901426 55.6792
1021 7.65375 0.906182 55.8296
1022 7.66125 0.891085 55.9777
1023 7.66875 0.904962 56.1284
1024 7.67625 0.903405 56.2792
1025 7.68375 0.900194 56.4297
1026 7.69125 0.906693 56.5816
1027 7.69875 0.896015 56.7321
1028 7.70625 0.906557 56.8845
1029 7.71375 0.910984 57.0381
1030 7.72125 0.899846 57.19
1031 7.72875 0.908259 57.3437
1032 7.73625 0.902789 57.4967
1033 7.74375 0.910356 57.6513
1034 7.75125 0.905221 57.8053
1035 7.75875 0.902647 57.9592
1036 7.76625 0.898206 58.1127
1037 7.77375 0.907109 58.2679
1038 7.78125 0.908026 58.4237
1039 7.78875 0.897685 58.5779
1040 7.79625 0.904195 58.7335
1041 7.80375 0.907803 58.8901
1042 7.81125 0.914288 59.0481
1043 7.81875 0.908181 59.2054
1044 7.82625 0.909976 59.3632
1045 7.83375 0.90356 59.5203
1046 7.84125 0.907238 59.6783
1047 7.84875 0.913185 59.8376
1048 7.85625 0.913364 59.9973
1049 7.86375 0.918514 60.1581
1050 7.87125 0.916097 60.3189
1051 7.87875 0.917286 60.4802
1052 7.88625 0.919844 60.6422
1053 7.89375 0.912365 60.8032
1054 7.90125 0.91989 60.9658
1055 7.90875 0.921299 61.1291
1056 7.91625 0.927631 61.2937
1057 7.92375 0.919879 61.4573
1058 7.93125 0.93055 61.6231
1059 7.93875 0.922315 61.7877
1060 7.94625 0.927914 61.9536
1061 7.95375 0.924203 62.1192
1062 7.96125 0.923376 62.285
1063 7.96875 0.930348 62.4523
1064 7.97625 0.922421 62.6185
1065 7.98375 0.933996 62.7871
1066 7.99125 0.923799 62.9542
1067 7.99875 0.92086 63.1211
1068 8.00625 0.931572 63.2902
1069 8.01375 0.9326 63.4599
1070 8.02125 0.93195 63.6297
1071 8.02875 0.939153 63.8011
1072 8.03625 0.946285 63.9742
1073 8.04375 0.94904 64.1481
1074 8.05125 0.944039 64.3215
1075 8.05875 0.941518 64.4946
1076 8.06625 0.943817 64.6686
1077 8.07375 0.933411 64.8409
1078 8.08125 0.937698 65.0143
1079 8.08875 0.948439 65.1901
1080 8.09625 0.936793 65.364
1081 8.10375 0.947493 65.5402
1082 8.11125 0.951087 65.7175
1083 8.11875 0.943619 65.8936
1084 8.12625 0.957145 66.0726
1085 8.13375 0.960071 66.2525
1086 8.14125 0.953475 66.4315
1087 8.14875 0.948336 66.6099
1088 8.15625 0.954408 66.7897
1089 8.16375 0.961368 66.9712
1090 8.17125 0.961959 67.1531
1091 8.17875 0.964876 67.3359
1092 8.18625 0.962203 67.5185
1093 8.19375 0.956662 67.7004
1094 8.20125 0.962746 67.8838
1095 8.20875 0.956505 68.0664
1096 8.21625 0.960521 68.25
1097 8.22375 0.969395 68.4357
1098 8.23125 0.970744 68.622
1099 8.23875 0.969567 68.8084
1100 8.24625 0.978391 68.9968
1101 8.25375 0.968921 69.1838
1102 8.26125 0.97379 69.372
1103 8.26875 0.974405 69.5607
1104 8.27625 0.981761 69.7511
1105 8.28375 0.981049 69.9418
1106 8.29125 0.983669 70.1333
1107 8.29875 0.979909 70.3245
1108 8.30625 0.981339 70.5162
1109 8.31375 0.976476 70.7074
1110 8.32125 0.986608 70.9009
1111 8.32875 0.987775 71.0949
1112 8.33625 0.991952 71.2902
1113 8.34375 0.988327 71.4851
1114 8.35125 0.991714 71.681
1115 8.35875 0.983539 71.8756
1116 8.36625 0.997186 72.0733
1117 8.37375 0.995341 72.2709
1118 8.38125 0.995249 72.4689
1119 8.38875 0.992843 72.6668
1120 8.39625 0.992401 72.865
1121 8.40375 1.00172 73.0653
1122 8.41125 1.00354 73.2664
1123 8.41875 1.00866 73.4689
1124 8.42625 0.998866 73.6698
1125 8.43375 1.00766 73.8728
1126 8.44125 1.00055 74.0747
1127 8.44875 1.00818 74.2785
1128 8.45625 1.01305 74.4837
1129 8.46375 1.00773 74.6882
1130 8.47125 1.00935 74.8933
1131 8.47875 1.00685 75.0983
1132 8.48625 1.01708 75.3058
1133 8.49375 1.00905 75.5119
1134 8.50125 1.02122 75.721
1135 8.50875 1.02531 75.9312
1136 8.51625 1.02267 76.1413
1137 8.52375 1.01958 76.3511
1138 8.53125 1.01644 76.5606
1139 8.53875 1.0139 76.77
1140 8.54625 1.02088 76.9812
1141 8.55375 1.02307 77.1932
1142 8.56125 1.02516 77.406
1143 8.56875 1.02346 77.6188
1144 8.57625 1.01915 77.8311
1145 8.58375 1.02102 78.0442
1146 8.59125 1.02554 78.2586
1147 8.59875 1.0283 78.4739
1148 8.60625 1.03874 78.6918
1149 8.61375 1.03021 78.9083
1150 8.62125 1.03441 79.1261
1151 8.62875 1.03876 79.3451
1152 8.63625 1.02779 79.5622
1153 8.64375 1.03957 79.7822
1154 8.65125 1.03958 80.0026
1155 8.65875 1.03825 80.2231
1156 8.66625 1.03194 80.4426
1157 8.67375 1.03971 80.6641
1158 8.68125 1.03879 80.8858
1159 8.68875 1.03747 81.1077
1160 8.69625 1.04017 81.3305
1161 8.70375 1.04182 81.554
1162 8.71125 1.04779 81.7792
1163 8.71875 1.0374 82.0026
1164 8.72625 1.04205 82.2273
1165 8.73375 1.04847 82.4538
1166 8.74125 1.04452 82.6799
1167 8.74875 1.04926 82.9073
1168 8.75625 1.04133 83.1334
1169 8.76375 1.05246 83.3624
1170 8.77125 1.04788 83.5907
1171 8.77875 1.04854 83.8196
1172 8.78625 1.04963 84.0491
1173 8.79375 1.05558 84.2803
1174 8.80125 1.05513 84.5118
1175 8.80875 1.04401 84.7412
1176 8.81625 1.05082 84.9725
1177 8.82375 1.05061 85.2042
1178 8.83125 1.04944 85.436
1179 8.83875 1.05485 85.6694
1180 8.84625 1.05181 85.9025
1181 8.85375 1.0555 86.1369
1182 8.86125 1.05238 86.3709
1183 8.86875 1.05409 86.6057
1184 8.87625 1.05149 86.8404
1185 8.88375 1.04085 87.073
1186 8.89125 1.05986 87.3103
1187 8.89875 1.05621 87.5472
1188 8.90625 1.0508 87.7833
1189 8.91375 1.05797 88.0214
1190 8.92125 1.0537 88.2589
1191 8.92875 1.05212 88.4965
1192 8.93625 1.06615 88.7376
1193 8.94375 1.05154 88.9758
1194 8.95125 1.05265 89.2147
1195 8.95875 1.055 89.4545
1196 8.96625 1.05745 89.6953
1197 8.97375 1.06512 89.9382
1198 8.98125 1.06109 90.1806
1199 8.98875 1.05858 90.4229
1200 8.99625 1.06115 90.6661
1201 9.00375 1.05802 90.9091
1202 9.01125 1.05638 91.152
1203 9.01875 1.06631 91.3977
1204 9.02625 1.05333 91.6407
1205 9.03375 1.06277 91.8864
1206 9.04125 1.0623 92.1323
1207 9.04875 1.06071 92.3783
1208 9.05625 1.06434 92.6255
1209 9.06375 1.06402 92.8731
1210 9.07125 1.0597 93.1201
1211 9.07875 1.07058 93.37
1212 9.08625 1.06495 93.619
1213 9.09375 1.06091 93.8675
1214 9.10125 1.0557 94.1152
1215 9.10875 1.05569 94.3632
1216 9.11625 1.06192 94.6132
1217 9.12375 1.05809 94.8627
1218 9.13125 1.06226 95.1135
1219 9.13875 1.05921 95.3641
1220 9.14625 1.05347 95.6137
1221 9.15375 1.05826 95.8648
1222 9.16125 1.05454 96.1155
1223 9.16875 1.06153 96.3682
1224 9.17625 1.05747 96.6204
1225 9.18375 1.05276 96.8719
1226 9.19125 1.05661 97.1247
1227 9.19875 1.06086 97.3789
1228 9.20625 1.06102 97.6336
1229 9.21375 1.05544 97.8874
1230 9.22125 1.05413 98.1413
1231 9.22875 1.05368 98.3954
1232 9.23625 1.06123 98.6519
1233 9.24375 1.05774 98.9078
1234 9.25125 1.05689 99.164
1235 9.25875 1.05452 99.4201
1236 9.26625 1.05669 99.677
1237 9.27375 1.04887 99.9325
1238 9.28125 1.0543 100.19
1239 9.28875 1.03987 100.444
1240 9.29625 1.05208 100.701
1241 9.30375 1.04788 100.958
1242 9.31125 1.05187 101.217
1243 9.31875 1.0529 101.476
1244 9.32625 1.05726 101.736
1245 9.33375 1.05588 101.996
1246 9.34125 1.04682 102.255
1247 9.34875 1.04086 102.513
1248 9.35625 1.04829 102.773
1249 9.36375 1.04812 103.033
1250 9.37125 1.03763 103.291
1251 9.37875 1.03718 103.55
1252 9.38625 1.05057 103.812
1253 9.39375 1.03926 104.071
1254 9.40125 1.04485 104.333
1255 9.40875 1.04535 104.595
1256 9.41625 1.04276 104.857
1257 9.42375 1.04576 105.12
1258 9.43125 1.04498 105.383
1259 9.43875 1.04027 105.646
1260 9.44625 1.04102 105.909
1261 9.45375 1.03988 106.172
1262 9.46125 1.03074 106.433
1263 9.46875 1.04228 106.698
1264 9.47625 1.04934 106.965
1265 9.48375 1.03178 107.228
1266 9.49125 1.03852 107.493
1267 9.49875 1.04116 107.759
1268 9.50625 1.04068 108.025
1269 9.51375 1.03047 108.289
1270 9.52125 1.0261 108.553
1271 9.52875 1.0308 108.818
1272 9.53625 1.04018 109.086
1273 9.54375 1.03497 109.353
1274 9.55125 1.03029 109.619
1275 9.55875 1.03917 109.888
1276 9.56625 1.03558 110.156
1277 9.57375 1.02977 110.424
1278 9.58125 1.03147 110.692
1279 9.58875 1.03215 110.961
1280 9.59625 1.03422 111.23
1281 9.60375 1.02245 111.497
1282 9.61125 1.0282 111.766
1283 9.61875 1.02928 112.036
1284 9.62625 1.02972 112.306
1285 9.63375 1.01704 112.574
1286 9.64125 1.02342 112.843
1287 9.64875 1.02368 113.113
1288 9.65625 1.02386 113.383
1289 9.66375 1.0173 113.653
1290 9.67125 1.01789 113.922
1291 9.67875 1.02135 114.193
1292 9.68625 1.01641 114.463
1293 9.69375 1.01974 114.735
1294 9.70125 1.01269 115.005
1295 9.70875 1.01206 115.275
1296 9.71625 1.01812 115.547
1297 9.72375 1.01746 115.819
1298 9.73125 1.0156 116.092
1299 9.73875 1.01225 116.364
1300 9.74625 1.01507 116.637
1301 9.75375 1.01544 116.91
1302 9.76125 1.00256 117.181
1303 9.76875 1.00831 117.454
1304 9.77625 1.0109 117.727
1305 9.78375 1.00862 118.001
1306 9.79125 1.00575 118.274
1307 9.79875 1.00118 118.546
1308 9.80625 1.00169 118.819
1309 9.81375 1.00544 119.093
1310 9.82125 1.00691 119.368
1311 9.82875 1.00404 119.643
1312 9.83625 1.00706 119.919
1313 9.84375 1.00398 120.194
1314 9.85125 0.998695 120.469
1315 9.85875 0.99702 120.743
1316 9.86625 0.996043 121.018
1317 9.87375 1.00325 121.295
1318 9.88125 1.00439 121.573
1319 9.88875 1.00036 121.85
1320 9.89625 0.992534 122.125
1321 9.90375 0.999286 122.403
1322 9.91125 0.995584 122.68
1323 9.91875 0.993224 122.956
1324 9.92625 0.997182 123.235
1325 9.93375 0.994126 123.513
1326 9.94125 0.986625 123.789
1327 9.94875 0.98865 124.066
1328 9.95625 0.992796 124.345
1329 9.96375 0.988926 124.623
1330 9.97125 0.991129 124.902
1331 9.97875 0.994197 125.182
1332 9.98625 0.994751 125.463
1333 9.99375 0.98402 125.741
1334 10.0012 0.986198 126.021
1335 10.0088 0.986483 126.301
1336 10.0162 0.989007 126.582
1337 10.0238 0.990849 126.864
1338 10.0312 0.982433 127.144
1339 10.0387 0.98982 127.426
1340 10.0463 0.985869 127.708
1341 10.0537 0.983499 127.99
1342 10.0613 0.984513 128.272
1343 10.0688 0.980774 128.553
1344 10.0763 0.984789 128.837
1345 10.0837 0.981697 129.119
1346 10.0913 0.983137 129.403
1347 10.0987 0.98403 129.687
1348 10.1063 0.976764 129.97
1349 10.1138 0.979185 130.253
1350 10.1213 0.983322 130.539
1351 10.1287 0.97661 130.822
1352 10.1362 0.971903 131.105
1353 10.1437 0.982088 131.391
1354 10.1513 0.973945 131.676
1355 10.1587 0.978014 131.962
1356 10.1663 0.979534 132.248
1357 10.1737 0.979476 132.535
1358 10.1812 0.976942 132.822
1359 10.1887 0.973193 133.108
1360 10.1963 0.970833 133.394
1361 10.2037 0.978268 133.683
1362 10.2113 0.972943 133.97
1363 10.2188 0.977578 134.259
1364 10.2262 0.974958 134.548
1365 10.2337 0.966391 134.835
1366 10.2412 0.976443 135.125
1367 10.2488 0.977247 135.415
1368 10.2563 0.978139 135.707
1369 10.2638 0.972062 135.997
1370 10.2712 0.971375 136.287
1371 10.2788 0.97253 136.578
1372 10.2862 0.97149 136.869
1373 10.2938 0.968435 137.16
1374 10.3013 0.96969 137.451
1375 10.3088 0.973172 137.744
1376 10.3162 0.972198 138.037
1377 10.3237 0.975263 138.332
1378 10.3312 0.969778 138.625
1379 10.3388 0.974706 138.92
1380 10.3462 0.972843 139.215
1381 10.3538 0.964615 139.508
1382 10.3612 0.970157 139.803
1383 10.3687 0.971371 140.098
1384 10.3762 0.968238 140.394
1385 10.3838 0.970306 140.69
1386 10.3913 0.969762 140.987
1387 10.3988 0.967177 141.283
1388 10.4062 0.967732 141.58
1389 10.4137 0.967051 141.877
1390 10.4212 0.973317 142.176
1391 10.4287 0.969851 142.475
1392 10.4363 0.972965 142.775
1393 10.4438 0.971771 143.075
1394 10.4513 0.966841 143.374
1395 10.4587 0.969603 143.675
1396 10.4663 0.96494 143.974
1397 10.4737 0.971769 144.276
1398 10.4813 0.968094 144.577
1399 10.4888 0.967412 144.879
1400 10.4963 0.970524 145.181
1401 10.5037 0.967713 145.484
1402 10.5112 0.965097 145.786
1403 10.5187 0.965092 146.088
1404 10.5263 0.972132 146.393
1405 10.5337 0.965963 146.697
1406 10.5413 0.969268 147.002
1407 10.5487 0.967692 147.307
1408 10.5562 0.965488 147.612
1409 10.5637 0.964155 147.916
1410 10.5713 0.97155 148.224
1411 10.5788 0.96894 148.531
1412 10.5863 0.965734 148.838
1413 10.5938 0.971348 149.146
1414 10.6012 0.9706 149.455
1415 10.6087 0.969166 149.764
1416 10.6162 0.971579 150.074
1417 10.6238 0.970977 150.385
1418 10.6313 0.967411 150.694
1419 10.6388 0.967181 151.004
1420 10.6462 0.970431 151.316
1421 10.6538 0.97175 151.628
1422 10.6612 0.976742 151.943
1423 10.6688 0.968462 152.255
1424 10.6763 0.967344 152.567
1425 10.6838 0.973188 152.882
1426 10.6912 0.968517 153.195
1427 10.6987 0.970304 153.51
1428 10.7062 0.973614 153.826
1429 10.7138 0.969848 154.141
1430 10.7212 0.972859 154.458
1431 10.7288 0.972207 154.775
1432 10.7362 0.975563 155.093
1433 10.7437 0.969697 155.41
1434 10.7512 0.975181 155.73
1435 10.7588 0.975502 156.05
1436 10.7663 0.970027 156.368
1437 10.7738 0.974855 156.688
1438 10.7812 0.976015 157.01
1439 10.7887 0.969315 157.329
1440 10.7962 0.976677 157.652
1441 10.8037 0.973738 157.974
1442 10.8113 0.970913 158.295
1443 10.8188 0.979394 158.62
1444 10.8263 0.97239 158.943
1445 10.8337 0.977918 159.268
1446 10.8413 0.977845 159.593
1447 10.8487 0.977266 159.919
1448 10.8563 0.981569 160.247
1449 10.8638 0.975633 160.573
1450 10.8713 0.981184 160.901
1451 10.8787 0.979168 161.229
1452 10.8862 0.987106 161.561
1453 10.8937 0.97889 161.89
1454 10.9013 0.97419 162.218
1455 10.9087 0.981566 162.548
1456 10.9163 0.981873 162.88
1457 10.9237 0.981854 163.212
1458 10.9312 0.978199 163.543
1459 10.9387 0.981941 163.875
1460 10.9463 0.978501 164.208
1461 10.9538 0.985553 164.542
1462 10.9613 0.987889 164.879
1463 10.9688 0.981369 165.213
1464 10.9762 0.984195 165.549
1465 10.9837 0.984006 165.885
1466 10.9912 0.992345 166.225
1467 10.9988 0.983821 166.562
1468 11.0063 0.987262 166.9
1469 11.0138 0.984008 167.238
1470 11.0212 0.98452 167.577
1471 11.0288 0.98486 167.916
1472 11.0362 0.990123 168.258
1473 11.0438 0.9868 168.599
1474 11.0513 0.984456 168.939
1475 11.0588 0.985501 169.281
1476 11.0662 0.988242 169.624
1477 11.0737 0.989592 169.967
1478 11.0812 0.992959 170.313
1479 11.0888 0.985144 170.656
1480 11.0963 0.987218 171
1481 11.1038 0.993302 171.347
1482 11.1112 0.990442 171.693
1483 11.1187 0.991438 172.04
1484 11.1262 0.99057 172.388
1485 11.1338 0.992273 172.736
1486 11.1413 0.995938 173.086
1487 11.1488 0.993932 173.436
1488 11.1562 0.992951 173.786
1489 11.1637 0.994782 174.137
1490 11.1712 0.996155 174.489
1491 11.1787 0.999134 174.843
1492 11.1863 0.998412 175.197
1493 11.1938 0.997845 175.551
1494 11.2013 0.994838 175.904
1495 11.2087 0.995296 176.259
1496 11.2162 0.999173 176.615
1497 11.2237 0.996043 176.97
1498 11.2313 1.00001 177.327
1499 11.2388 1.00678 177.687
1500 11.2463 1.00098 178.046
1501 11.2537 0.997328 178.404
1502 11.2612 0.996718 178.762
1503 11.2687 1.00416 179.123
1504 11.2763 1.00535 179.485
1505 11.2838 0.996257 179.844
1506 11.2913 1.00539 180.207
1507 11.2987 1.0026 180.57
1508 11.3062 0.999621 180.932
1509 11.3137 1.00672 181.297
1510 11.3213 1.00866 181.663
1511 11.3288 1.0047 182.028
1512 11.3363 1.00416 182.393
1513 11.3438 1.00509 182.76
1514 11.3512 1.00784 183.127
1515 11.3587 1.00314 183.494
1516 11.3662 1.00195 183.861
1517 11.3738 1.00975 184.231
1518 11.3813 1.00919 184.601
1519 11.3888 1.01235 184.973
1520 11.3962 1.00781 185.343
1521 11.4037 1.00098 185.712
1522 11.4112 1.00783 186.084
1523 11.4188 1.01437 186.458
1524 11.4263 1.00538 186.83
1525 11.4338 1.00839 187.204
1526 11.4412 1.01042 187.578
1527 11.4487 1.01208 187.954
1528 11.4562 1.00826 188.329
1529 11.4638 1.01218 188.705
1530 11.4713 1.01034 189.082
1531 11.4788 1.00988 189.459
1532 11.4862 1.01647 189.839
1533 11.4937 1.01731 190.219
1534 11.5012 1.01615 190.6
1535 11.5088 1.01114 190.979
1536 11.5163 1.00992 191.359
1537 11.5238 1.00924 191.738
1538 11.5312 1.01449 192.12
1539 11.5387 1.0121 192.502
1540 11.5462 1.01498 192.885
1541 11.5537 1.02187 193.272
1542 11.5613 1.01238 193.655
1543 11.5688 1.01776 194.041
1544 11.5763 1.01011 194.424
1545 11.5837 1.01861 194.811
1546 11.5912 1.01018 195.196
1547 11.5987 1.02171 195.585
1548 11.6063 1.0206 195.974
1549 11.6138 1.01765 196.363
1550 11.6213 1.01335 196.751
1551 11.6287 1.01568 197.14
1552 11.6362 1.0131 197.528
1553 11.6437 1.01971 197.92
1554 11.6513 1.01965 198.312
1555 11.6588 1.01973 198.704
1556 11.6663 1.0174 199.096
1557 11.6737 1.02415 199.492
1558 11.6812 1.01711 199.885
1559 11.6887 1.01506 200.278
1560 11.6963 1.02457 200.675
1561 11.7038 1.01902 201.07
1562 11.7113 1.02042 201.466
1563 11.7188 1.01668 201.862
1564 11.7262 1.02002 202.259
1565 11.7337 1.01941 202.657
1566 11.7412 1.02265 203.056
1567 11.7488 1.02636 203.457
1568 11.7563 1.01897 203.856
1569 11.7638 1.02117 204.256
1570 11.7712 1.02365 204.658
1571 11.7787 1.02525 205.061
1572 11.7862 1.02186 205.463
1573 11.7938 1.02229 205.866
1574 11.8013 1.01701 206.267
1575 11.8088 1.0225 206.671
1576 11.8162 1.02295 207.075
1577 11.8237 1.02297 207.48
1578 11.8312 1.02639 207.887
1579 11.8388 1.01872 208.291
1580 11.8463 1.02568 208.699
1581 11.8538 1.02223 209.106
1582 11.8612 1.02003 209.512
1583 11.8687 1.02532 209.921
1584 11.8762 1.01928 210.329
1585 11.8838 1.02422 210.738
1586 11.8913 1.01975 211.147
1587 11.8988 1.02256 211.557
1588 11.9062 1.02539 211.968
1589 11.9137 1.02172 212.379
1590 11.9212 1.01563 212.788
1591 11.9287 1.02567 213.201
1592 11.9363 1.02186 213.614
1593 11.9438 1.02542 214.028
1594 11.9513 1.02107 214.441
1595 11.9587 1.01966 214.854
1596 11.9662 1.02431 215.269
1597 11.9737 1.0243 215.685
1598 11.9813 1.01684 216.099
1599 11.9888 1.01854 216.513
1600 11.9963 1.02122 216.93
1601 12.0037 1.01559 217.344
1602 12.0112 1.02161 217.762
1603 12.0187 1.01964 218.179
1604 12.0263 1.02566 218.599
1605 12.0338 1.01952 219.017
1606 12.0413 1.0155 219.434
1607 12.0487 1.01808 219.853
1608 12.0562 1.01705 220.271
1609 12.0637 1.02261 220.693
1610 12.0713 1.02116 221.114
1611 12.0788 1.02284 221.537
1612 12.0863 1.02151 221.96
1613 12.0938 1.01967 222.382
1614 12.1012 1.01902 222.805
1615 12.1087 1.01995 223.228
1616 12.1162 1.02419 223.654
1617 12.1238 1.02093 224.079
1618 12.1313 1.02199 224.505
1619 12.1388 1.01488 224.929
1620 12.1462 1.02126 225.355
1621 12.1537 1.02141 225.783
1622 12.1612 1.02187 226.211
1623 12.1688 1.02101 226.639
1624 12.1763 1.01774 227.066
1625 12.1838 1.02693 227.498
1626 12.1912 1.02097 227.928
1627 12.1987 1.01801 228.357
1628 12.2062 1.01879 228.787
1629 12.2138 1.01493 229.215
1630 12.2213 1.01838 229.646
1631 12.2288 1.02321 230.08
1632 12.2362 1.017 230.511
1633 12.2437 1.01538 230.942
1634 12.2512 1.01521 231.374
1635 12.2588 1.01879 231.807
1636 12.2663 1.01971 232.242
1637 12.2738 1.01739 232.676
1638 12.2812 1.01874 233.111
1639 12.2887 1.01415 233.545
1640 12.2962 1.01836 233.981
1641 12.3037 1.01735 234.417
1642 12.3113 1.00951 234.85
1643 12.3188 1.01964 235.289
1644 12.3263 1.02261 235.729
1645 12.3337 1.01929 236.168
1646 12.3412 1.01692 236.607
1647 12.3487 1.02055 237.047
1648 12.3563 1.01106 237.485
1649 12.3638 1.01213 237.923
1650 12.3713 1.01683 238.364
1651 12.3787 1.01219 238.803
1652 12.3862 1.01318 239.243
1653 12.3937 1.01189 239.683
1654 12.4013 1.00978 240.123
1655 12.4088 1.01059 240.564
1656 12.4163 1.01649 241.008
1657 12.4237 1.01655 241.452
1658 12.4312 1.0054 241.892
1659 12.4387 1.00757 242.334
1660 12.4463 1.00899 242.776
1661 12.4538 1.00994 243.22
1662 12.4613 1.00771 243.663
1663 12.4688 1.00677 244.106
1664 12.4762 1.00782 244.551
1665 12.4837 1.00897 244.996
1666 12.4912 1.01063 245.443
1667 12.4988 1.00715 245.888
1668 12.5063 1.0085 246.335
1669 12.5138 1.01239 246.784
1670 12.5212 1.00944 247.232
1671 12.5287 1.00961 247.681
1672 12.5362 1.01117 248.131
1673 12.5438 1.00415 248.579
1674 12.5513 1.00565 249.027
1675 12.5588 1.00546 249.477
1676 12.5662 1.00811 249.928
1677 12.5737 1.00746 250.379
1678 12.5812 1.00527 250.829
1679 12.5888 1.00924 251.282
1680 12.5963 1.00167 251.732
1681 12.6038 1.00733 252.186
1682 12.6112 1.00703 252.639
1683 12.6187 1.00412 253.092
1684 12.6262 1.00211 253.545
1685 12.6338 1.00682 254
1686 12.6413 1.00568 254.455
1687 12.6488 1.00305 254.909
1688 12.6562 1.00312 255.365
1689 12.6637 1.00395 255.821
1690 12.6712 1.00424 256.277
1691 12.6787 1.00032 256.733
1692 12.6863 1.00119 257.189
1693 12.6938 0.997025 257.644
1694 12.7013 1.0004 258.101
1695 12.7087 0.995928 258.557
1696 12.7162 0.998174 259.014
1697 12.7237 1.00372 259.474
1698 12.7313 1.00473 259.935
1699 12.7388 1.00091 260.395
1700 12.7463 1.00064 260.856
1701 12.7537 0.998731 261.316
1702 12.7612 0.999328 261.777
1703 12.7687 1.00014 262.239
1704 12.7763 0.998149 262.7
1705 12.7838 0.99778 263.162
1706 12.7913 0.99967 263.625
1707 12.7987 1.00253 264.09
1708 12.8062 0.996379 264.553
1709 12.8137 1.00036 265.018
1710 12.8213 0.999981 265.484
1711 12.8288 0.99727 265.949
1712 12.8363 0.99526 266.413
1713 12.8438 1.00378 266.882
1714 12.8512 0.993931 267.347
1715 12.8587 0.99887 267.815
1716 12.8662 0.994564 268.281
1717 12.8738 0.995162 268.748
1718 12.8813 1.00184 269.219
1719 12.8888 0.993652 269.687
1720 12.8962 0.997456 270.156
1721 12.9037 0.995841 270.626
1722 12.9112 0.994883 271.096
1723 12.9188 0.992348 271.565
1724 12.9263 0.996826 272.037
1725 12.9338 0.990831 272.506
1726 12.9412 0.993166 272.977
1727 12.9487 0.995948 273.45
1728 12.9562 0.99367 273.923
1729 12.9638 0.99321 274.395
1730 12.9713 0.997939 274.871
1731 12.9788 0.996843 275.346
1732 12.9862 0.993836 275.821
1733 12.9937 0.996626 276.298
1734 13.0012 0.992196 276.773
1735 13.0088 0.992169 277.248
1736 13.0163 0.993647 277.725
1737 13.0238 0.993211 278.202
1738 13.0312 0.993205 278.68
1739 13.0387 0.993612 279.158
1740 13.0462 0.991117 279.636
1741 13.0537 0.98929 280.114
1742 13.0613 0.991752 280.593
1743 13.0688 0.992504 281.073
1744 13.0763 0.995423 281.555
1745 13.0837 0.990133 282.035
1746 13.0912 0.989731 282.515
1747 13.0987 0.990591 282.997
1748 13.1063 0.991658 283.479
1749 13.1138 0.994173 283.963
1750 13.1213 0.992756 284.448
1751 13.1287 0.98951 284.931
1752 13.1362 0.988364 285.414
1753 13.1437 0.988754 285.897
1754 13.1513 0.989229 286.382
1755 13.1588 0.990826 286.868
1756 13.1663 0.991814 287.355
1757 13.1737 0.993625 287.843
1758 13.1812 0.990105 288.33
1759 13.1887 0.987013 288.817
1760 13.1963 0.99081 289.305
1761 13.2038 0.987667 289.793
1762 13.2113 0.98853 290.282
1763 13.2188 0.991497 290.772
1764 13.2262 0.991492 291.264
1765 13.2337 0.986959 291.753
1766 13.2412 0.991922 292.246
1767 13.2488 0.989196 292.738
1768 13.2563 0.993249 293.232
1769 13.2638 0.99291 293.727
1770 13.2712 0.992321 294.222
1771 13.2787 0.992397 294.717
1772 13.2862 0.987503 295.211
1773 13.2938 0.991798 295.707
1774 13.3013 0.99471 296.206
1775 13.3088 0.992288 296.704
1776 13.3162 0.990875 297.201
1777 13.3237 0.990638 297.699
1778 13.3312 0.988422 298.197
1779 13.3388 0.988621 298.695
1780 13.3463 0.989593 299.194
1781 13.3538 0.987948 299.693
1782 13.3612 0.987975 300.193
1783 13.3687 0.988117 300.693
1784 13.3762 0.986754 301.193
1785 13.3838 0.992294 301.696
1786 13.3913 0.992452 302.201
1787 13.3988 0.989889 302.704
1788 13.4062 0.985014 303.205
1789 13.4137 0.990313 303.71
1790 13.4212 0.989 304.214
1791 13.4287 0.984568 304.717
1792 13.4363 0.989192 305.223
1793 13.4438 0.99037 305.73
1794 13.4513 0.988633 306.237
1795 13.4587 0.991689 306.745
1796 13.4662 0.987679 307.253
1797 13.4737 0.990713 307.762
1798 13.4813 0.992138 308.273
1799 13.4888 0.989473 308.783
1800 13.4963 0.989373 309.293
1801 13.5037 0.989659 309.804
1802 13.5112 0.983604 310.313
1803 13.5187 0.988588 310.825
1804 13.5263 0.988834 311.337
1805 13.5338 0.99069 311.851
1806 13.5413 0.990827 312.365
1807 13.5487 0.991556 312.881
1808 13.5562 0.992763 313.398
1809 13.5637 0.989649 313.913
1810 13.5713 0.988405 314.429
1811 13.5788 0.994285 314.948
1812 13.5863 0.988256 315.465
1813 13.5938 0.996526 315.986
1814 13.6012 0.993794 316.507
1815 13.6087 0.991105 317.027
1816 13.6162 0.991338 317.548
1817 13.6238 0.990224 318.068
1818 13.6313 0.994383 318.591
1819 13.6388 0.989768 319.113
1820 13.6462 0.987717 319.634
1821 13.6537 0.992137 320.158
1822 13.6612 0.994765 320.683
1823 13.6688 0.995637 321.21
1824 13.6763 0.989804 321.735
1825 13.6838 0.994833 322.262
1826 13.6912 0.994207 322.79
1827 13.6987 0.994111 323.318
1828 13.7062 0.992766 323.847
1829 13.7138 0.993088 324.376
1830 13.7213 0.994933 324.906
1831 13.7288 0.994249 325.437
1832 13.7362 0.993025 325.968
1833 13.7437 0.992241 326.498
1834 13.7512 0.989313 327.028
1835 13.7588 0.991411 327.56
1836 13.7663 0.990564 328.092
1837 13.7738 0.992103 328.625
1838 13.7812 0.993013 329.159
1839 13.7887 0.995843 329.695
1840 13.7962 0.994478 330.231
1841 13.8037 0.991805 330.766
1842 13.8113 0.998205 331.306
1843 13.8188 0.990773 331.841
1844 13.8263 0.989482 332.377
1845 13.8337 0.993159 332.916
1846 13.8412 0.996172 333.456
1847 13.8487 0.998904 333.999
1848 13.8563 0.992134 334.538
1849 13.8638 1.0004 335.083
1850 13.8713 0.992685 335.624
1851 13.8787 1.00126 336.17
1852 13.8862 0.998681 336.715
1853 13.8937 0.994052 337.259
1854 13.9013 0.996883 337.804
1855 13.9088 0.994418 338.349
1856 13.9163 0.996965 338.896
1857 13.9237 0.994326 339.442
1858 13.9312 0.993568 339.988
1859 13.9387 0.99678 340.537
1860 13.9463 0.999126 341.087
1861 13.9538 1.00061 341.639
1862 13.9613 0.994567 342.188
1863 13.9688 0.996412 342.739
1864 13.9762 0.994531 343.289
1865 13.9837 0.998704 343.842
1866 13.9912 0.99972 344.396
1867 13.9988 0.998909 344.951
1868 14.0063 1.00273 345.508
1869 14.0138 0.998598 346.063
1870 14.0212 1.00008 346.62
1871 14.0287 1.00035 347.178
1872 14.0362 0.999417 347.735
1873 14.0438 0.996944 348.292
1874 14.0513 1.00165 348.852
1875 14.0588 0.997044 349.411
1876 14.0662 1.00148 349.972
1877 14.0737 1.00088 350.533
1878 14.0812 1.00194 351.096
1879 14.0888 0.999528 351.658
1880 14.0963 1.00177 352.222
1881 14.1038 1.0019 352.786
1882 14.1112 1.00173 353.351
1883 14.1187 0.999194 353.915
1884 14.1262 1.00567 354.484
1885 14.1338 1.00093 355.05
1886 14.1413 1.00373 355.618
1887 14.1488 1.00295 356.187
1888 14.1562 1.00365 356.757
1889 14.1637 0.997943 357.324
1890 14.1712 1.00479 357.895
1891 14.1787 1.00555 358.468
1892 14.1863 1.00272 359.039
1893 14.1938 1.00047 359.61
1894 14.2013 1.00932 360.187
1895 14.2087 1.00501 360.761
1896 14.2162 1.0048 361.336
1897 14.2237 1.00258 361.911
1898 14.2313 1.00179 362.486
1899 14.2388 1.0051 363.063
1900 14.2463 1.00812 363.642
1901 14.2537 1.00613 364.221
1902 14.2612 1.00495 364.8
1903 14.2687 1.00712 365.381
1904 14.2763 1.01052 365.964
1905 14.2838 1.00676 366.546
1906 14.2913 1.0046 367.127
1907 14.2987 1.00914 367.711
1908 14.3062 1.00483 368.294
1909 14.3137 1.00282 368.876
1910 14.3213 1.00496 369.46
1911 14.3288 1.00419 370.043
1912 14.3363 1.00859 370.631
1913 14.3438 1.00673 371.217
1914 14.3512 1.00636 371.804
1915 14.3587 1.00953 372.394
1916 14.3662 1.00726 372.983
1917 14.3738 1.00566 373.571
1918 14.3813 1.00966 374.162
1919 14.3888 1.00512 374.752
1920 14.3962 1.00694 375.343
1921 14.4037 1.00556 375.934
1922 14.4112 1.0075 376.526
1923 14.4188 1.00721 377.119
1924 14.4263 1.00732 377.713
1925 14.4338 1.00599 378.307
1926 14.4412 1.00785 378.902
1927 14.4487 1.01045 379.5
1928 14.4562 1.01208 380.099
1929 14.4638 1.00731 380.695
1930 14.4713 1.00814 381.293
1931 14.4788 1.00833 381.892
1932 14.4862 1.00677 382.49
1933 14.4937 1.00747 383.09
1934 14.5012 1.01416 383.694
1935 14.5088 1.00186 384.291
1936 14.5163 1.01824 384.899
1937 14.5238 1.00858 385.501
1938 14.5312 1.01113 386.106
1939 14.5387 1.00563 386.708
1940 14.5462 1.00789 387.312
1941 14.5537 1.00908 387.918
1942 14.5613 1.01572 388.528
1943 14.5688 1.00232 389.13
1944 14.5763 1.01257 389.739
1945 14.5837 1.00926 390.347
1946 14.5912 1.00933 390.956
1947 14.5987 1.00814 391.565
1948 14.6063 1.01228 392.176
1949 14.6138 1.00634 392.785
1950 14.6213 1.00964 393.396
1951 14.6287 1.01236 394.01
1952 14.6362 1.01135 394.623
1953 14.6437 1.0093 395.236
1954 14.6513 1.01152 395.851
1955 14.6588 1.00888 396.465
1956 14.6663 1.00973 397.081
1957 14.6737 1.01247 397.698
1958 14.6812 1.00754 398.313
1959 14.6887 1.00994 398.93
1960 14.6963 1.01056 399.548
1961 14.7038 1.0121 400.168
1962 14.7113 1.00451 400.784
1963 14.7188 1.01031 401.404
1964 14.7262 1.01093 402.025
1965 14.7337 1.01126 402.646
1966 14.7412 1.01013 403.268
1967 14.7488 1.00916 403.89
1968 14.7563 1.01246 404.514
1969 14.7638 1.01419 405.14
1970 14.7712 1.01262 405.766
1971 14.7787 1.0139 406.393
1972 14.7862 1.00953 407.018
1973 14.7938 1.01187 407.646
1974 14.8013 1.01051 408.273
1975 14.8088 1.0084 408.899
1976 14.8162 1.01063 409.527
1977 14.8237 1.00808 410.155
1978 14.8312 1.009 410.783
1979 14.8388 1.00987 411.413
1980 14.8463 1.00919 412.043
1981 14.8538 1.00494 412.671
1982 14.8612 1.00694 413.301
1983 14.8687 1.00889 413.933
1984 14.8762 1.01179 414.567
1985 14.8838 1.01379 415.203
1986 14.8913 1.0066 415.835
1987 14.8988 1.00825 416.469
1988 14.9062 1.00766 417.103
1989 14.9137 1.0126 417.741
1990 14.9212 1.00991 418.378
1991 14.9287 1.00878 419.015
1992 14.9363 1.01084 419.653
1993 14.9438 1.00956 420.292
1994 14.9513 1.01041 420.932
1995 14.9587 1.007 421.57
1996 14.9662 1.01116 422.211
1997 14.9737 1.01195 422.854
1998 14.9813 1.00528 423.493
1999 14.9888 1.00774 424.134
2000 14.9963 1.00841 424.776
